ros_timestamp_ns,wall_time,trajectory_mode,meas_x,meas_y,meas_z,is_tracked,pred_x,pred_y,pred_z,mae_x,mae_y,mae_z,inference_ms,buffer_size,robot_ee_x,robot_ee_y,robot_ee_z,hand_base_x,hand_base_y,hand_base_z,target_cmd_x,target_cmd_y,target_cmd_z,hand_vel_x,hand_vel_y,hand_vel_z,hand_speed,ee_vel_x,ee_vel_y,ee_vel_z,ee_speed,j1_pos,j2_pos,j3_pos,j4_pos,j5_pos,j6_pos,j1_vel,j2_vel,j3_vel,j4_vel,j5_vel,j6_vel,j1_eff,j2_eff,j3_eff,j4_eff,j5_eff,j6_eff,rula_upper_arm,rula_lower_arm,rula_wrist,rula_twist,rula_total,rula_alpha_s,rula_alpha_c,rula_beta_s,rula_beta_t,rula_gamma_s,adapt_w,adapt_sr,adapt_se
1786589935480816154,2026-08-13T09:58:55.480834,ground_truth,0.191192,0.034000,0.057601,True,,,,,,,,,-0.162038,0.283249,0.378300,-0.161990,0.280062,0.378525,-0.036936,1.141804,0.301559,-0.160819,-1.468376,-0.177603,1.487795,-0.000001,0.000002,0.000006,0.000007,1.570931,0.126399,-1.047473,0.000000,-0.383539,-0.001983,0.000000,0.000000,0.000000,0.000000,0.000000,0.000000,-0.007980,-0.094780,0.084826,-0.019264,0.004800,0.013088,1.0000,2.0000,1.0000,0.0000,2.0000,8.9260,11.4089,52.5566,-9.3358,13.7001,,,
1786589935526527710,2026-08-13T09:58:55.526546,ground_truth,0.190550,0.042000,0.057709,True,,,,,,,,,-0.162038,0.283249,0.378300,-0.161990,0.280062,0.378525,-0.161990,0.280062,0.378525,0.000000,0.000000,0.000000,0.000000,-0.000001,0.000002,0.000006,0.000007,1.570931,0.126399,-1.047473,0.000000,-0.383539,-0.001983,0.000000,0.000000,0.000000,0.000000,0.000000,0.000000,-0.009520,-0.096600,0.086154,-0.019552,0.007424,0.015424,1.0000,2.0000,1.0000,0.0000,2.0000,9.0389,11.5061,52.9072,-9.5817,13.6694,,,
1786589935560942378,2026-08-13T09:58:55.560968,ground_truth,0.185481,0.059000,0.057937,True,,,,,,,,,-0.161990,0.280062,0.378525,-0.161990,0.280062,0.378525,-0.161990,0.280062,0.378525,0.000000,0.000000,0.000000,0.000000,0.000014,-0.000957,0.000068,0.000959,1.570931,0.126399,-1.047473,0.000000,-0.383539,-0.001983,0.000000,0.000000,0.000000,0.000000,0.000000,0.000000,-0.006720,-0.099400,0.086486,-0.020000,0.005856,0.013984,1.0000,2.0000,1.0000,0.0000,2.0000,9.1782,11.5927,53.2509,-9.8824,13.7659,,,
1786589935596040796,2026-08-13T09:58:55.596061,ground_truth,0.185481,0.059000,0.057937,True,,,,,,,,,-0.161990,0.280062,0.378525,-0.161990,0.280062,0.378525,-0.161990,0.280062,0.378525,0.000000,0.000000,0.000000,0.000000,0.000014,-0.000957,0.000068,0.000959,1.570931,0.126399,-1.047473,0.000000,-0.383539,-0.001983,0.000000,0.000000,0.000000,0.000000,0.000000,0.000000,-0.006720,-0.099400,0.086486,-0.020000,0.005856,0.013984,1.0000,2.0000,1.0000,0.0000,2.0000,9.3802,11.8862,53.4628,-10.0060,13.8313,,,
1786589935628177570,2026-08-13T09:58:55.628197,ground_truth,0.181776,0.059000,0.057937,True,,,,,,,,,-0.161990,0.280062,0.378525,-0.161990,0.280062,0.378525,-0.161990,0.280062,0.378525,0.000000,0.000000,0.000000,0.000000,0.000000,0.000000,0.000000,0.000000,1.570931,0.126399,-1.047473,0.000000,-0.383539,-0.001983,0.000000,0.000000,0.000000,0.000000,0.000000,0.000000,-0.006720,-0.099400,0.086486,-0.020000,0.005856,0.013984,1.0000,2.0000,1.0000,0.0000,2.0000,9.6063,12.1071,53.6148,-10.1256,13.8985,,,
1786589935656275747,2026-08-13T09:58:55.656310,ground_truth,0.183084,0.042000,0.057709,True,,,,,,,,,-0.161990,0.280062,0.378525,-0.161990,0.280062,0.378525,-0.161990,0.280062,0.378525,0.000000,0.000000,0.000000,0.000000,0.000000,0.000000,0.000000,0.000000,1.570931,0.126399,-1.047473,0.000000,-0.383539,-0.001983,0.000000,0.000000,0.000000,0.000000,0.000000,0.000000,-0.006720,-0.099400,0.086486,-0.020000,0.005856,0.013984,1.0000,2.0000,1.0000,0.0000,2.0000,9.6063,12.1071,53.6148,-10.1256,13.8985,,,
1786589935687315752,2026-08-13T09:58:55.687331,ground_truth,0.181776,0.059000,0.061649,True,,,,,,,,,-0.161990,0.280062,0.378525,-0.161990,0.280062,0.378525,-0.161990,0.280062,0.378525,0.000000,0.000000,0.000000,0.000000,0.000000,0.000000,0.000000,0.000000,1.570931,0.126399,-1.047473,0.000000,-0.383539,-0.001983,0.000000,0.000000,0.000000,0.000000,0.000000,0.000000,-0.008260,-0.098840,0.085324,-0.020320,0.006144,0.013920,1.0000,2.0000,1.0000,0.0000,2.0000,9.9173,12.2295,54.1570,-10.4618,13.4031,,,
1786589935713695807,2026-08-13T09:58:55.713716,ground_truth,0.179930,0.083000,0.061931,True,,,,,,,,,-0.161990,0.280062,0.378525,-0.161990,0.280062,0.378525,-0.161990,0.280062,0.378525,0.000000,0.000000,0.000000,0.000000,0.000000,0.000000,0.000000,0.000000,1.570931,0.126399,-1.047473,0.000000,-0.383539,-0.001983,0.000000,0.000000,0.000000,0.000000,0.000000,0.000000,-0.010780,-0.098560,0.086486,-0.020608,0.007296,0.015104,1.0000,2.0000,1.0000,0.0000,2.0000,9.9173,12.2295,54.1570,-10.4618,13.4031,,,
1786589935748008641,2026-08-13T09:58:55.748027,ground_truth,0.181161,0.067000,0.061743,True,,,,,,,,,-0.161990,0.280062,0.378525,-0.161990,0.280062,0.378525,-0.161990,0.280062,0.378525,0.000000,0.000000,0.000000,0.000000,0.000000,0.000000,0.000000,0.000000,1.570931,0.126399,-1.047473,0.000000,-0.383539,-0.001994,0.000000,0.000000,0.000000,0.000000,0.000000,0.002609,-0.010500,-0.103460,0.082253,-0.020608,0.007296,0.011808,1.0000,2.0000,1.0000,0.0000,2.0000,10.0065,12.2237,54.1962,-10.5731,13.4477,,,
1786589935782382227,2026-08-13T09:58:55.782400,ground_truth,0.179930,0.083000,0.061931,True,,,,,,,,,-0.161990,0.280062,0.378525,-0.161990,0.280062,0.378525,-0.161990,0.280062,0.378525,0.000000,0.000000,0.000000,0.000000,0.000000,0.000000,0.000000,0.000000,1.570931,0.126399,-1.047473,0.000000,-0.383539,-0.001994,0.000000,0.000000,0.000000,0.000000,0.000000,0.002609,-0.010500,-0.103460,0.082253,-0.020608,0.007296,0.011808,1.0000,2.0000,1.0000,0.0000,2.0000,9.9752,12.1326,54.2108,-10.6389,13.3760,,,
1786589935815310785,2026-08-13T09:58:55.815336,ground_truth,0.178083,0.107000,0.062214,True,,,,,,,,,-0.161990,0.280062,0.378525,-0.161990,0.280062,0.378525,-0.161990,0.280062,0.378525,0.000000,0.000000,0.000000,0.000000,0.000000,0.000000,0.000000,0.000000,1.570931,0.126399,-1.047473,0.000000,-0.383539,-0.001994,0.000000,0.000000,0.000000,0.000000,0.000000,0.002609,-0.010500,-0.103460,0.082253,-0.020608,0.007296,0.011808,1.0000,2.0000,1.0000,0.0000,2.0000,10.1428,12.1518,53.6672,-9.7303,12.9852,,,
1786589935847806537,2026-08-13T09:58:55.847831,ground_truth,0.179930,0.083000,0.061931,True,,,,,,,,,-0.161990,0.280062,0.378525,-0.161990,0.280062,0.378525,-0.161990,0.280062,0.378525,0.000000,0.000000,0.000000,0.000000,0.000000,0.000000,0.000000,0.000000,1.570931,0.126399,-1.047473,0.000000,-0.383539,-0.001994,0.000000,0.000000,0.000000,0.000000,0.000000,0.002609,-0.010500,-0.103460,0.082253,-0.020608,0.007296,0.011808,1.0000,2.0000,1.0000,0.0000,2.0000,10.1428,12.1518,53.6672,-9.7303,12.9852,,,
1786589935900373089,2026-08-13T09:58:55.900407,ground_truth,0.179314,0.091000,0.062025,True,,,,,,,,,-0.161990,0.280062,0.378525,-0.161990,0.280062,0.378525,-0.161990,0.280062,0.378525,0.000000,0.000000,0.000000,0.000000,0.000000,0.000000,0.000000,0.000000,1.570853,0.126047,-1.048172,-0.000528,-0.383755,-0.013604,0.004796,0.009598,0.020506,0.023995,0.005670,0.256117,-0.079660,-0.270900,-0.001245,-0.082048,-0.070016,-0.065856,1.0000,2.0000,1.0000,0.0000,2.0000,10.3293,12.2056,53.6585,-9.3454,12.8986,,,
1786589935928110426,2026-08-13T09:58:55.928132,ground_truth,0.180545,0.075000,0.065523,True,,,,,,,,,-0.161990,0.280062,0.378525,-0.161990,0.280062,0.378525,-0.161990,0.280062,0.378525,0.000000,0.000000,0.000000,0.000000,0.000000,0.000000,0.000000,0.000000,1.570853,0.126047,-1.048172,-0.000528,-0.383755,-0.013604,0.004796,0.009598,0.020506,0.023995,0.005670,0.256117,-0.079660,-0.270900,-0.001245,-0.082048,-0.070016,-0.065856,1.0000,2.0000,1.0000,0.0000,2.0000,10.4248,12.2718,53.2460,-9.2465,12.7583,,,
1786589935969091031,2026-08-13T09:58:55.969112,ground_truth,0.180545,0.075000,0.065523,True,,,,,,,,,-0.161990,0.280062,0.378525,-0.161990,0.280062,0.378525,-0.161990,0.280062,0.378525,0.000000,0.000000,0.000000,0.000000,0.000000,0.000000,0.000000,0.000000,1.570853,0.126047,-1.048172,-0.000528,-0.383755,-0.013604,0.004796,0.009598,0.020506,0.023995,0.005670,0.256117,-0.079660,-0.270900,-0.001245,-0.082048,-0.070016,-0.065856,1.0000,2.0000,1.0000,0.0000,2.0000,10.4248,12.2718,53.2460,-9.2465,12.7583,,,
1786589935995393842,2026-08-13T09:58:55.995424,ground_truth,0.179314,0.091000,0.065685,True,,,,,,,,,-0.161990,0.280062,0.378525,-0.161990,0.280062,0.378525,-0.161990,0.280062,0.378525,0.000000,0.000000,0.000000,0.000000,0.000000,0.000000,0.000000,0.000000,1.570853,0.126047,-1.048172,-0.000528,-0.383755,-0.013604,0.004796,0.009598,0.020506,0.023995,0.005670,0.256117,-0.079660,-0.270900,-0.001245,-0.082048,-0.070016,-0.065856,1.0000,2.0000,1.0000,0.0000,2.0000,10.7282,12.1537,52.8274,-8.2947,12.6092,,,
1786589936025822610,2026-08-13T09:58:56.025843,ground_truth,0.178083,0.107000,0.065847,True,,,,,,,,,-0.161990,0.280062,0.378525,-0.161990,0.280062,0.378525,-0.161990,0.280062,0.378525,0.000000,0.000000,0.000000,0.000000,0.000000,0.000000,0.000000,0.000000,1.570853,0.126047,-1.048172,-0.000528,-0.383755,-0.013604,0.004796,0.009598,0.020506,0.023995,0.005670,0.256117,-0.079660,-0.270900,-0.001245,-0.082048,-0.070016,-0.065856,1.0000,2.0000,1.0000,0.0000,2.0000,10.7282,12.1537,52.8274,-8.2947,12.6092,,,
1786589936057902931,2026-08-13T09:58:56.057925,ground_truth,0.178699,0.099000,0.065766,True,,,,,,,,,-0.161990,0.280062,0.378525,-0.161990,0.280062,0.378525,-0.161990,0.280062,0.378525,0.000000,0.000000,0.000000,0.000000,0.000000,0.000000,0.000000,0.000000,1.570853,0.126047,-1.048172,-0.000528,-0.383755,-0.013604,0.004796,0.009598,0.020506,0.023995,0.005670,0.256117,-0.079660,-0.270900,-0.001245,-0.082048,-0.070016,-0.065856,1.0000,2.0000,1.0000,0.0000,2.0000,10.7643,12.2324,53.0262,-8.2630,12.8953,,,
1786589936089911074,2026-08-13T09:58:56.089932,ground_truth,0.178699,0.099000,0.065766,True,,,,,,,,,-0.161990,0.280062,0.378525,-0.161990,0.280062,0.378525,-0.161990,0.280062,0.378525,0.000000,0.000000,0.000000,0.000000,0.000000,0.000000,0.000000,0.000000,1.570853,0.126047,-1.048172,-0.000528,-0.383755,-0.013604,0.004796,0.009598,0.020506,0.023995,0.005670,0.256117,-0.079660,-0.270900,-0.001245,-0.082048,-0.070016,-0.065856,1.0000,2.0000,1.0000,0.0000,2.0000,10.8990,12.1886,52.7295,-8.4805,12.9710,,,
1786589936122048027,2026-08-13T09:58:56.122069,ground_truth,0.178699,0.099000,0.069412,True,,,,,,,,,-0.161990,0.280062,0.378525,-0.161990,0.280062,0.378525,-0.161990,0.280062,0.378525,0.000000,0.000000,0.000000,0.000000,0.000000,0.000000,0.000000,0.000000,1.570774,0.125857,-1.048477,-0.000949,-0.384024,-0.018120,0.004796,0.011780,0.020506,0.027045,0.021375,0.296701,-0.079240,-0.263760,-0.007968,-0.077536,-0.041472,-0.066784,1.0000,2.0000,1.0000,0.0000,2.0000,11.1121,12.2569,52.6809,-7.9301,12.8553,,,
1786589936149316866,2026-08-13T09:58:56.149333,ground_truth,0.173855,0.115000,0.069547,True,,,,,,,,,-0.161990,0.280062,0.378525,-0.161990,0.280062,0.378525,-0.161990,0.280062,0.378525,0.000000,0.000000,0.000000,0.000000,0.000000,0.000000,0.000000,0.000000,1.570774,0.125857,-1.048477,-0.000949,-0.384024,-0.018120,0.004796,0.011780,0.020506,0.027045,0.021375,0.296701,-0.079240,-0.263760,-0.007968,-0.077536,-0.041472,-0.066784,1.0000,2.0000,1.0000,0.0000,2.0000,11.3955,12.4239,52.5944,-7.6878,13.0136,,,
1786589936188383578,2026-08-13T09:58:56.188401,ground_truth,0.174457,0.107000,0.069480,True,,,,,,,,,-0.161990,0.280062,0.378525,-0.161990,0.280062,0.378525,-0.161990,0.280062,0.378525,0.000000,0.000000,0.000000,0.000000,0.000000,0.000000,0.000000,0.000000,1.570774,0.125857,-1.048477,-0.000949,-0.384024,-0.018120,0.004796,0.011780,0.020506,0.027045,0.021375,0.296701,-0.079240,-0.263760,-0.007968,-0.077536,-0.041472,-0.066784,1.0000,2.0000,1.0000,0.0000,2.0000,11.6057,12.4610,52.7691,-8.3454,13.0845,,,
1786589936224919239,2026-08-13T09:58:56.224943,ground_truth,0.173855,0.115000,0.069547,True,,,,,,,,,-0.161990,0.280062,0.378525,-0.161990,0.280062,0.378525,-0.161990,0.280062,0.378525,0.000000,0.000000,0.000000,0.000000,0.000000,0.000000,0.000000,0.000000,1.570774,0.125857,-1.048477,-0.000949,-0.384024,-0.018120,0.004796,0.011780,0.020506,0.027045,0.021375,0.296701,-0.079240,-0.263760,-0.007968,-0.077536,-0.041472,-0.066784,1.0000,2.0000,1.0000,0.0000,2.0000,11.7545,12.4913,52.6709,-8.3996,13.0558,,,
1786589936255371455,2026-08-13T09:58:56.255388,ground_truth,0.173855,0.115000,0.073167,True,,,,,,,,,-0.161990,0.280062,0.378525,-0.161990,0.280062,0.378525,-0.161990,0.280062,0.378525,0.000000,0.000000,0.000000,0.000000,0.000000,0.000000,0.000000,0.000000,1.570774,0.125857,-1.048477,-0.000949,-0.384024,-0.018120,0.004796,0.011780,0.020506,0.027045,0.021375,0.296701,-0.079240,-0.263760,-0.007968,-0.077536,-0.041472,-0.066784,1.0000,2.0000,1.0000,0.0000,2.0000,11.9006,12.7666,52.4778,-8.0951,13.1487,,,
1786589936289403786,2026-08-13T09:58:56.289419,ground_truth,0.173253,0.123000,0.073221,True,,,,,,,,,-0.161990,0.280062,0.378525,-0.161990,0.280062,0.378525,-0.161990,0.280062,0.378525,0.000000,0.000000,0.000000,0.000000,0.000000,0.000000,0.000000,0.000000,1.570774,0.125857,-1.048477,-0.000949,-0.384024,-0.018120,0.004796,0.011780,0.020506,0.027045,0.021375,0.296701,-0.079240,-0.263760,-0.007968,-0.077536,-0.041472,-0.066784,1.0000,2.0000,1.0000,0.0000,2.0000,12.2136,13.0711,52.0924,-8.0061,13.1592,,,
1786589936319039407,2026-08-13T09:58:56.319060,ground_truth,0.173253,0.123000,0.073221,True,,,,,,,,,-0.161990,0.280062,0.378525,-0.161990,0.280062,0.378525,-0.161990,0.280062,0.378525,0.000000,0.000000,0.000000,0.000000,0.000000,0.000000,0.000000,0.000000,1.570774,0.125857,-1.048477,-0.000949,-0.384024,-0.018120,0.004796,0.011780,0.020506,0.027045,0.021375,0.296701,-0.079240,-0.263760,-0.007968,-0.077536,-0.041472,-0.066784,1.0000,2.0000,1.0000,0.0000,2.0000,12.4655,13.2158,52.2756,-8.0815,13.4015,,,
1786589936352580337,2026-08-13T09:58:56.352597,ground_truth,0.172726,0.130000,0.076864,True,,,,,,,,,-0.161990,0.280062,0.378525,-0.161990,0.280062,0.378525,-0.161990,0.280062,0.378525,0.000000,0.000000,0.000000,0.000000,0.000000,0.000000,0.000000,0.000000,1.570774,0.125857,-1.048477,-0.000949,-0.384024,-0.018120,0.004796,0.011780,0.020506,0.027045,0.021375,0.296701,-0.079240,-0.263760,-0.007968,-0.077536,-0.041472,-0.066784,1.0000,2.0000,1.0000,0.0000,2.0000,12.5104,13.3258,52.3835,-7.9784,13.3434,,,
1786589936381605780,2026-08-13T09:58:56.381622,ground_truth,0.173253,0.123000,0.076828,True,,,,,,,,,-0.161990,0.280062,0.378525,-0.161990,0.280062,0.378525,-0.161990,0.280062,0.378525,0.000000,0.000000,0.000000,0.000000,0.000000,0.000000,0.000000,0.000000,1.569663,0.123061,-1.053117,-0.006036,-0.387183,-0.151223,0.001744,0.004796,0.009160,0.007847,0.002609,0.786697,-0.082040,-0.226520,0.013778,-0.076320,-0.044096,-0.085984,1.0000,2.0000,1.0000,0.0000,2.0000,12.5445,13.4848,52.6240,-7.7076,12.9310,,,
1786589936418328742,2026-08-13T09:58:56.418347,ground_truth,0.168549,0.138000,0.080487,True,,,,,,,,,-0.161990,0.280062,0.378525,-0.161990,0.280062,0.378525,-0.161990,0.280062,0.378525,0.000000,0.000000,0.000000,0.000000,0.000000,0.000000,0.000000,0.000000,1.569592,0.122865,-1.053459,-0.006403,-0.387398,-0.327293,0.000000,0.000000,0.000000,0.000000,0.000000,0.425417,-0.077420,-0.229320,0.029299,-0.070624,-0.039360,-0.069408,1.0000,2.0000,1.0000,0.0000,2.0000,12.4475,13.6611,52.8935,-8.0057,12.7162,,,
1786589936452505063,2026-08-13T09:58:56.452525,ground_truth,0.169138,0.130000,0.080459,True,,,,,,,,,-0.161990,0.280062,0.378525,-0.148210,0.317555,0.394991,-0.148210,0.317555,0.394991,0.370213,1.007292,0.442376,1.160772,0.000000,0.000000,0.000000,0.000000,1.569585,0.122865,-1.053459,-0.006403,-0.387398,-0.339948,0.000000,0.000000,0.000000,0.000000,0.000000,0.474290,-0.076160,-0.221900,0.044571,-0.064896,-0.042528,-0.073024,1.0000,2.0000,1.0000,0.0000,2.0000,12.5962,13.7936,52.9638,-8.2258,12.9601,,,
1786589936480956708,2026-08-13T09:58:56.480975,ground_truth,0.164398,0.146000,0.084083,True,,,,,,,,,-0.161990,0.280062,0.378525,-0.161990,0.280062,0.378525,-0.161990,0.280062,0.378525,-0.397736,-1.082178,-0.475264,1.247068,0.000000,0.000000,0.000000,0.000000,1.569585,0.122865,-1.053459,-0.006403,-0.387398,-0.339948,0.000000,0.000000,0.000000,0.000000,0.000000,0.474290,-0.076160,-0.221900,0.044571,-0.064896,-0.042528,-0.073024,1.0000,2.0000,1.0000,0.0000,2.0000,12.6170,13.8708,53.0655,-8.1965,12.7003,,,
1786589936515315356,2026-08-13T09:58:56.515334,ground_truth,0.164398,0.146000,0.084083,True,,,,,,,,,-0.161990,0.280062,0.378525,-0.146455,0.323849,0.397214,-0.146455,0.323849,0.397214,0.547156,1.542210,0.658223,1.763817,0.000000,0.000000,0.000000,0.000000,1.569585,0.122865,-1.053459,-0.006403,-0.387398,-0.339948,0.000000,0.000000,0.000000,0.000000,0.000000,0.474290,-0.076160,-0.221900,0.044571,-0.064896,-0.042528,-0.073024,1.0000,2.0000,1.0000,0.0000,2.0000,12.9183,14.2050,52.1936,-7.5036,12.7048,,,
1786589936547299573,2026-08-13T09:58:56.547316,ground_truth,0.164398,0.146000,0.084083,True,,,,,,,,,-0.145543,0.335539,0.398429,-0.145543,0.335539,0.398429,-0.145543,0.335539,0.398429,0.027211,0.348677,0.036261,0.351612,0.245604,0.828432,0.297225,0.913763,1.569585,0.122865,-1.053459,-0.006403,-0.387398,-0.339948,0.000000,0.000000,0.000000,0.000000,0.000000,0.474290,-0.076160,-0.221900,0.044571,-0.064896,-0.042528,-0.073024,1.0000,2.0000,1.0000,0.0000,2.0000,13.0373,14.3690,51.8839,-6.9700,12.3105,,,
1786589936580683214,2026-08-13T09:58:56.580706,ground_truth,0.163894,0.153000,0.087653,True,,,,,,,,,-0.145543,0.335539,0.398429,-0.144589,0.340384,0.399650,-0.144589,0.340384,0.399650,0.030022,0.152564,0.038455,0.160174,0.245604,0.828432,0.297225,0.913763,1.569585,0.122865,-1.053459,-0.006403,-0.387398,-0.339948,0.000000,0.000000,0.000000,0.000000,0.000000,0.474290,-0.076160,-0.221900,0.044571,-0.064896,-0.042528,-0.073024,1.0000,2.0000,1.0000,0.0000,2.0000,12.9661,14.7595,52.1521,-6.8070,12.1024,,,
1786589936616661644,2026-08-13T09:58:56.616677,ground_truth,0.163894,0.153000,0.087653,True,,,,,,,,,-0.143602,0.343860,0.401110,-0.143602,0.343860,0.401110,-0.143602,0.343860,0.401110,0.029282,0.103117,0.043292,0.115606,0.029158,0.125032,0.040278,0.134557,1.569585,0.122865,-1.053459,-0.006403,-0.387409,-0.345747,0.000000,0.000000,0.000000,0.000000,0.000000,0.490427,-0.075320,-0.220920,0.045401,-0.063616,-0.043648,-0.071424,1.0000,2.0000,1.0000,0.0000,2.0000,13.2532,15.1281,51.7562,-6.7322,12.2010,,,
1786589936649168894,2026-08-13T09:58:56.649181,ground_truth,0.160344,0.153000,0.087653,True,,,,,,,,,-0.143602,0.343860,0.401110,-0.142615,0.347435,0.402326,-0.142615,0.347435,0.402326,0.027576,0.099889,0.033978,0.109054,0.029158,0.125032,0.040278,0.134557,1.569585,0.122865,-1.053459,-0.006403,-0.387409,-0.345747,0.000000,0.000000,0.000000,0.000000,0.000000,0.490427,-0.075320,-0.220920,0.045401,-0.063616,-0.043648,-0.071424,1.0000,2.0000,1.0000,0.0000,2.0000,13.3952,15.1804,51.4807,-6.9453,12.5851,,,
1786589936689894318,2026-08-13T09:58:56.689913,ground_truth,0.159781,0.161000,0.087655,True,,,,,,,,,-0.141715,0.351030,0.403533,-0.141715,0.351030,0.403533,-0.141715,0.351030,0.403533,0.027674,0.110453,0.037086,0.119754,0.028416,0.107931,0.036476,0.117418,1.569585,0.122865,-1.053459,-0.006403,-0.387409,-0.345747,0.000000,0.000000,0.000000,0.000000,0.000000,0.490427,-0.075320,-0.220920,0.045401,-0.063616,-0.043648,-0.071424,1.0000,2.0000,1.0000,0.0000,2.0000,13.5419,15.3794,51.4630,-6.7252,12.6587,,,
1786589936724741269,2026-08-13T09:58:56.724769,ground_truth,0.159781,0.161000,0.087655,True,,,,,,,,,-0.141715,0.351030,0.403533,-0.140736,0.354202,0.404745,-0.140736,0.354202,0.404745,0.023942,0.077627,0.029650,0.086477,0.028416,0.107931,0.036476,0.117418,1.569585,0.122865,-1.053459,-0.006403,-0.387409,-0.345747,0.000000,0.000000,0.000000,0.000000,0.000000,0.490427,-0.075320,-0.220920,0.045401,-0.063616,-0.043648,-0.071424,1.0000,2.0000,1.0000,0.0000,2.0000,13.6989,15.5700,51.3956,-6.5675,12.6297,,,
1786589936752938093,2026-08-13T09:58:56.752956,ground_truth,0.160344,0.153000,0.087653,True,,,,,,,,,-0.139798,0.357290,0.405952,-0.139798,0.357290,0.405952,-0.139798,0.357290,0.405952,0.026944,0.088674,0.034667,0.098949,0.028714,0.093785,0.036238,0.104562,1.569585,0.122865,-1.053429,-0.006392,-0.387527,-0.415435,0.000000,0.000000,0.000000,0.000000,0.000000,0.412331,-0.051660,-0.158620,0.137946,-0.029728,-0.030720,-0.067680,1.0000,2.0000,1.0000,0.0000,2.0000,13.8449,15.7635,51.2362,-7.0456,12.1127,,,
1786589936790660683,2026-08-13T09:58:56.790686,ground_truth,0.160344,0.153000,0.087653,True,,,,,,,,,-0.139798,0.357290,0.405952,-0.138897,0.360361,0.406917,-0.138897,0.360361,0.406917,0.032526,0.110891,0.034874,0.120710,0.028714,0.093785,0.036238,0.104562,1.569585,0.122865,-1.053429,-0.006392,-0.387527,-0.415435,0.000000,0.000000,0.000000,0.000000,0.000000,0.412331,-0.051660,-0.158620,0.137946,-0.029728,-0.030720,-0.067680,1.0000,2.0000,1.0000,0.0000,2.0000,14.1366,16.1229,50.7592,-7.4990,12.6182,,,
1786589936822312586,2026-08-13T09:58:56.822328,ground_truth,0.159781,0.161000,0.087655,True,,,,,,,,,-0.138037,0.363002,0.407880,-0.138037,0.363002,0.407880,-0.138037,0.363002,0.407880,0.022754,0.069823,0.025438,0.077718,0.026478,0.085864,0.028982,0.094412,1.569585,0.122865,-1.053429,-0.006392,-0.387527,-0.415435,0.000000,0.000000,0.000000,0.000000,0.000000,0.412331,-0.051660,-0.158620,0.137946,-0.029728,-0.030720,-0.067680,1.0000,2.0000,1.0000,0.0000,2.0000,14.7621,16.7340,49.5577,-8.6717,12.8828,,,
1786589936849392392,2026-08-13T09:58:56.849406,ground_truth,0.159781,0.161000,0.091199,True,,,,,,,,,-0.138037,0.363002,0.407880,-0.137139,0.365130,0.408842,-0.137139,0.365130,0.408842,0.028105,0.066598,0.030112,0.078307,0.026478,0.085864,0.028982,0.094412,1.569337,0.123080,-1.052670,-0.006058,-0.387409,-0.537791,0.016576,0.004796,0.020506,0.000000,0.010467,0.681544,-0.134120,-0.034300,0.212065,-0.002400,-0.043040,-0.082496,1.0000,2.0000,1.0000,0.0000,2.0000,14.8808,16.8993,49.5427,-9.7750,12.7954,,,
1786589936884171241,2026-08-13T09:58:56.884186,ground_truth,0.159781,0.161000,0.091199,True,,,,,,,,,-0.136276,0.367582,0.409797,-0.136276,0.367582,0.409797,-0.136276,0.367582,0.409797,0.031937,0.090755,0.035367,0.102505,0.026362,0.068566,0.028709,0.078869,1.568422,0.123263,-1.051503,-0.006047,-0.388789,-0.559663,0.041012,0.008285,0.050172,0.000000,0.070249,0.681986,-0.162400,-0.024780,0.239040,0.001856,-0.057120,-0.074368,1.0000,2.0000,1.0000,0.0000,2.0000,15.0571,17.2236,48.6978,-10.8293,12.4393,,,
1786589936914660934,2026-08-13T09:58:56.914679,ground_truth,0.159289,0.168000,0.091188,True,,,,,,,,,-0.136276,0.367582,0.409797,-0.135378,0.370099,0.410756,-0.135378,0.370099,0.410756,0.026022,0.072933,0.027759,0.082261,0.026362,0.068566,0.028709,0.078869,1.566900,0.123564,-1.049577,-0.005983,-0.391440,-0.578397,0.063703,0.013087,0.083771,0.002609,0.113000,0.663219,-0.181300,-0.016940,0.252984,0.004864,-0.068128,-0.072480,1.0000,2.0000,1.0000,0.0000,2.0000,15.2135,17.4824,48.2695,-10.2200,11.7040,,,
1786589936951723863,2026-08-13T09:58:56.951744,ground_truth,0.160344,0.153000,0.091210,True,,,,,,,,,-0.134760,0.372256,0.411469,-0.134760,0.372256,0.411469,-0.134760,0.372256,0.411469,0.020085,0.070170,0.023212,0.076590,0.022565,0.069596,0.024889,0.077281,1.563849,0.124178,-1.045652,-0.005702,-0.396755,-0.601626,0.101225,0.019634,0.131765,0.010467,0.174959,0.635732,-0.191800,-0.005880,0.281619,0.003680,-0.064576,-0.073536,1.0000,2.0000,1.0000,0.0000,2.0000,15.5003,18.1013,46.9352,-9.0433,12.1199,,,
1786589936982658193,2026-08-13T09:58:56.982693,ground_truth,0.159781,0.161000,0.091199,True,,,,,,,,,-0.134760,0.372256,0.411469,-0.134174,0.374341,0.412186,-0.134174,0.374341,0.412186,0.015788,0.056140,0.019302,0.061429,0.022565,0.069596,0.024889,0.077281,1.560575,0.124858,-1.041399,-0.005357,-0.402360,-0.619283,0.129150,0.026174,0.169290,0.010898,0.221213,0.630935,-0.223720,-0.002660,0.290915,0.003968,-0.074240,-0.076704,1.0000,2.0000,1.0000,0.0000,2.0000,15.7074,18.5400,46.8550,-8.4551,12.2763,,,
1786589937026607360,2026-08-13T09:58:57.026621,ground_truth,0.159289,0.168000,0.091188,True,,,,,,,,,-0.133866,0.375985,0.412660,-0.133866,0.375985,0.412660,-0.133866,0.375985,0.412660,0.009839,0.052541,0.015163,0.055564,0.013550,0.056507,0.018053,0.060849,1.553832,0.126262,-1.032544,-0.004635,-0.413861,-0.646889,0.173219,0.034034,0.226890,0.021807,0.294082,0.609118,-0.208320,-0.000280,0.304361,0.002912,-0.075136,-0.065632,1.0000,2.0000,1.0000,0.0000,2.0000,15.6499,18.7762,46.6027,-9.1192,13.0463,,,
1786589937059334659,2026-08-13T09:58:57.059356,ground_truth,0.158726,0.176000,0.091177,True,,,,,,,,,-0.133866,0.375985,0.412660,-0.133526,0.377113,0.413134,-0.133526,0.377113,0.413134,0.007771,0.025752,0.010807,0.028989,0.013550,0.056507,0.018053,0.060849,1.545548,0.127987,-1.021569,-0.003708,-0.428058,-0.670129,0.197655,0.042756,0.265723,0.024426,0.342513,0.458143,-0.219380,-0.016380,0.285105,0.006400,-0.085664,-0.057664,1.0000,2.0000,1.0000,0.0000,2.0000,15.7805,19.0230,46.8820,-8.8002,13.0625,,,
1786589937092902249,2026-08-13T09:58:57.092923,ground_truth,0.159289,0.168000,0.091188,True,,,,,,,,,-0.133147,0.378512,0.413607,-0.133147,0.378512,0.413607,-0.133147,0.378512,0.413607,0.011502,0.042559,0.014385,0.046374,0.010777,0.037904,0.014194,0.041885,1.539080,0.129346,-1.012833,-0.002975,-0.439290,-0.683474,0.201144,0.042318,0.278809,0.024426,0.355610,0.396183,-0.199220,-0.012600,0.281619,0.003456,-0.084160,-0.055552,1.0000,2.0000,1.0000,0.0000,2.0000,15.9620,19.5013,45.9134,-9.7784,13.2172,,,
1786589937124390594,2026-08-13T09:58:57.124413,ground_truth,0.158726,0.176000,0.091177,True,,,,,,,,,-0.133147,0.378512,0.413607,-0.132840,0.379965,0.413842,-0.132840,0.379965,0.413842,0.009151,0.043314,0.007025,0.044824,0.010777,0.037904,0.014194,0.041885,1.535865,0.130032,-1.008350,-0.002641,-0.444949,-0.689607,0.197655,0.044069,0.280995,0.021375,0.352991,0.379605,-0.173600,-0.024360,0.279461,0.007680,-0.087104,-0.055936,2.0000,2.0000,1.0000,0.0000,3.0000,15.8821,20.0191,46.5996,-11.0317,13.6729,,,
1786589937159322190,2026-08-13T09:58:57.159344,ground_truth,0.159781,0.161000,0.091199,True,,,,,,,,,-0.132496,0.381483,0.414077,-0.132496,0.381483,0.414077,-0.132496,0.381483,0.414077,0.011095,0.048861,0.007564,0.050672,0.009736,0.044390,0.007032,0.045986,1.528319,0.131711,-0.997093,-0.001865,-0.458951,-0.704483,0.178022,0.041012,0.278809,0.018756,0.344701,0.366519,-0.143220,-0.015680,0.275809,0.007520,-0.076096,-0.058784,2.0000,2.0000,1.0000,0.0000,3.0000,15.8821,20.0191,46.5996,-11.0317,13.6729,,,
1786589937196476270,2026-08-13T09:58:57.196496,ground_truth,0.158234,0.183000,0.091167,True,,,,,,,,,-0.132496,0.381483,0.414077,-0.132458,0.382586,0.414314,-0.132458,0.382586,0.414314,0.001058,0.031128,0.006667,0.031851,0.009736,0.044390,0.007032,0.045986,1.524915,0.132502,-0.991517,-0.001552,-0.465645,-0.711716,0.163621,0.038829,0.276631,0.013517,0.331604,0.358660,-0.125860,-0.020720,0.259956,0.008576,-0.078976,-0.058336,2.0000,2.0000,1.0000,0.0000,3.0000,16.1874,20.2217,46.9371,-9.9545,13.3255,,,
1786589937231297688,2026-08-13T09:58:57.231314,ground_truth,0.158234,0.183000,0.094674,True,,,,,,,,,-0.132355,0.384034,0.414548,-0.132355,0.384034,0.414548,-0.132355,0.384034,0.414548,0.002788,0.039119,0.006328,0.039726,0.002113,0.038306,0.007065,0.039010,1.524915,0.132502,-0.991517,-0.001552,-0.465645,-0.711716,0.163621,0.038829,0.276631,0.013517,0.331604,0.358660,-0.125860,-0.020720,0.259956,0.008576,-0.078976,-0.058336,2.0000,2.0000,1.0000,0.0000,3.0000,16.1294,20.4775,46.2024,-11.2368,13.7750,,,
1786589937262676990,2026-08-13T09:58:57.262701,ground_truth,0.155763,0.168000,0.094721,True,,,,,,,,,-0.132355,0.384034,0.414548,-0.132252,0.385496,0.415016,-0.132252,0.385496,0.415016,0.002968,0.042088,0.013464,0.044289,0.002113,0.038306,0.007065,0.039010,1.524915,0.132502,-0.991517,-0.001552,-0.465645,-0.711716,0.163621,0.038829,0.276631,0.013517,0.331604,0.358660,-0.125860,-0.020720,0.259956,0.008576,-0.078976,-0.058336,2.0000,2.0000,1.0000,0.0000,3.0000,16.2753,20.0882,46.7708,-10.7616,13.4928,,,
1786589937297519407,2026-08-13T09:58:57.297538,ground_truth,0.154733,0.183000,0.094674,True,,,,,,,,,-0.131947,0.386962,0.415487,-0.131947,0.386962,0.415487,-0.131947,0.386962,0.415487,0.009713,0.046626,0.014986,0.049929,0.006041,0.043309,0.013887,0.045881,1.524915,0.132502,-0.991517,-0.001552,-0.465645,-0.711716,0.163621,0.038829,0.276631,0.013517,0.331604,0.358660,-0.125860,-0.020720,0.259956,0.008576,-0.078976,-0.058336,2.0000,2.0000,1.0000,0.0000,3.0000,16.3407,20.1103,46.9878,-10.7546,13.1385,,,
1786589937329867722,2026-08-13T09:58:57.329900,ground_truth,0.155763,0.168000,0.094721,True,,,,,,,,,-0.131947,0.386962,0.415487,-0.131573,0.388855,0.415955,-0.131573,0.388855,0.415955,0.010804,0.054682,0.013519,0.057355,0.006041,0.043309,0.013887,0.045881,1.521824,0.133266,-0.986052,-0.001261,-0.472059,-0.718808,0.148352,0.037523,0.271396,0.013517,0.315026,0.349929,-0.109620,-0.026320,0.262446,0.007584,-0.078592,-0.056608,2.0000,2.0000,1.0000,0.0000,3.0000,16.5803,20.3002,46.8373,-10.5658,13.1854,,,
1786589937375265369,2026-08-13T09:58:57.375284,ground_truth,0.153703,0.198000,0.094628,True,,,,,,,,,-0.131305,0.390034,0.416426,-0.131305,0.390034,0.416426,-0.131305,0.390034,0.416426,0.008224,0.036189,0.014463,0.039830,0.009808,0.046937,0.014349,0.050051,1.505608,0.138683,-0.940489,-0.000237,-0.518949,-0.778968,0.058901,0.026174,0.253069,0.003051,0.223401,0.352991,-0.088620,-0.039620,0.266679,0.008576,-0.065856,-0.055552,2.0000,2.0000,1.0000,0.0000,3.0000,16.5905,20.5693,46.3451,-10.7405,13.6927,,,
1786589937413745625,2026-08-13T09:58:57.413764,ground_truth,0.154733,0.183000,0.094674,True,,,,,,,,,-0.130900,0.391443,0.416654,-0.130900,0.391443,0.416654,-0.130900,0.391443,0.416654,0.008860,0.030809,0.004998,0.032445,0.006045,0.021021,0.003410,0.022137,1.503275,0.139774,-0.929508,-0.000162,-0.527917,-0.795331,0.050609,0.022685,0.249143,0.002609,0.188487,0.393564,-0.100940,-0.041440,0.273568,0.009184,-0.061728,-0.066464,2.0000,2.0000,1.0000,0.0000,3.0000,16.7787,20.7349,46.0380,-11.1615,13.7824,,,
1786589937450769673,2026-08-13T09:58:57.450812,ground_truth,0.154252,0.190000,0.094652,True,,,,,,,,,-0.130900,0.391443,0.416654,-0.130563,0.392898,0.416886,-0.130563,0.392898,0.416886,0.008811,0.038097,0.006066,0.039571,0.006045,0.021021,0.003410,0.022137,1.502315,0.140225,-0.924549,-0.000140,-0.531518,-0.803523,0.047120,0.020940,0.246957,0.000000,0.172782,0.420178,-0.106540,-0.042420,0.290583,0.008864,-0.062176,-0.069248,2.0000,2.0000,1.0000,0.0000,3.0000,16.8675,20.8754,45.1836,-12.3193,14.9777,,,
1786589937484293961,2026-08-13T09:58:57.484313,ground_truth,0.154252,0.190000,0.094652,True,,,,,,,,,-0.130227,0.394736,0.417117,-0.130227,0.394736,0.417117,-0.130227,0.394736,0.417117,0.009098,0.049792,0.006257,0.051002,0.010082,0.049382,0.006938,0.050876,1.502315,0.140225,-0.924549,-0.000140,-0.531518,-0.803523,0.047120,0.020940,0.246957,0.000000,0.172782,0.420178,-0.106540,-0.042420,0.290583,0.008864,-0.062176,-0.069248,2.0000,2.0000,1.0000,0.0000,3.0000,17.1715,20.8065,45.6126,-10.3300,14.4359,,,
1786589937516849099,2026-08-13T09:58:57.516872,ground_truth,0.149757,0.205000,0.094606,True,,,,,,,,,-0.130227,0.394736,0.417117,-0.129821,0.396650,0.417347,-0.129821,0.396650,0.417347,0.012129,0.057172,0.006854,0.058845,0.010082,0.049382,0.006938,0.050876,1.502315,0.140225,-0.924549,-0.000140,-0.531518,-0.803523,0.047120,0.020940,0.246957,0.000000,0.172782,0.420178,-0.106540,-0.042420,0.290583,0.008864,-0.062176,-0.069248,2.0000,2.0000,1.0000,0.0000,3.0000,17.3841,21.2805,45.7102,-11.5589,14.9038,,,
1786589937553552872,2026-08-13T09:58:57.553577,ground_truth,0.149757,0.205000,0.098077,True,,,,,,,,,-0.129153,0.398580,0.417574,-0.129153,0.398580,0.417574,-0.129153,0.398580,0.417574,0.020621,0.059540,0.007009,0.063399,0.016101,0.057605,0.006843,0.060204,1.502315,0.140225,-0.924549,-0.000140,-0.531518,-0.803523,0.047120,0.020940,0.246957,0.000000,0.172782,0.420178,-0.106540,-0.042420,0.290583,0.008864,-0.062176,-0.069248,2.0000,2.0000,1.0000,0.0000,3.0000,17.8731,21.7459,45.0776,-11.6475,14.5894,,,
1786589937583549435,2026-08-13T09:58:57.583569,ground_truth,0.148350,0.226000,0.097977,True,,,,,,,,,-0.129153,0.398580,0.417574,-0.128517,0.401312,0.418033,-0.128517,0.401312,0.418033,0.017195,0.073946,0.012427,0.076929,0.016101,0.057605,0.006843,0.060204,1.502315,0.140225,-0.924549,-0.000140,-0.531518,-0.803523,0.047120,0.020940,0.246957,0.000000,0.172782,0.420178,-0.106540,-0.042420,0.290583,0.008864,-0.062176,-0.069248,2.0000,2.0000,1.0000,0.0000,3.0000,18.4776,22.2756,43.8406,-12.1689,14.9641,,,
1786589937616024447,2026-08-13T09:58:57.616045,ground_truth,0.148819,0.219000,0.098010,True,,,,,,,,,-0.127826,0.403832,0.418486,-0.127826,0.403832,0.418486,-0.127826,0.403832,0.418486,0.023265,0.084747,0.015247,0.089195,0.020071,0.079431,0.013800,0.083081,1.496389,0.143661,-0.883983,0.000075,-0.550942,-0.917719,0.023122,0.016138,0.174963,0.000000,0.061949,0.929814,-0.101360,-0.057960,0.239040,0.000896,-0.050272,-0.101632,2.0000,2.0000,1.0000,0.0000,3.0000,18.7620,22.2379,44.2035,-11.2231,14.4996,,,
1786589937648168309,2026-08-13T09:58:57.648182,ground_truth,0.149288,0.212000,0.098043,True,,,,,,,,,-0.127826,0.403832,0.418486,-0.127128,0.407056,0.418941,-0.127128,0.407056,0.418941,0.021199,0.097916,0.013812,0.101132,0.020071,0.079431,0.013800,0.083081,1.496023,0.143949,-0.881321,0.000075,-0.551891,-0.933069,0.020940,0.017889,0.163624,0.000000,0.059340,0.975637,-0.091140,-0.058520,0.240036,0.001344,-0.047264,-0.106592,2.0000,2.0000,1.0000,0.0000,3.0000,18.8899,22.9725,43.4421,-13.1795,14.7273,,,
1786589937680600914,2026-08-13T09:58:57.680620,ground_truth,0.149288,0.212000,0.101503,True,,,,,,,,,-0.126499,0.409994,0.419399,-0.126499,0.409994,0.419399,-0.126499,0.409994,0.419399,0.019851,0.092700,0.014443,0.095896,0.019804,0.091950,0.013617,0.095039,1.495187,0.144720,-0.875410,0.000086,-0.554176,-0.974817,0.019634,0.021378,0.133951,0.000000,0.056721,1.094317,-0.084000,-0.053620,0.240949,0.001344,-0.046208,-0.108544,2.0000,2.0000,1.0000,0.0000,3.0000,19.4837,23.2979,43.2576,-11.5451,14.1392,,,
1786589937715052691,2026-08-13T09:58:57.715078,ground_truth,0.148350,0.226000,0.101413,True,,,,,,,,,-0.126499,0.409994,0.419399,-0.125799,0.412929,0.420086,-0.125799,0.412929,0.420086,0.021395,0.089747,0.021011,0.094624,0.019804,0.091950,0.013617,0.095039,1.494965,0.144981,-0.873856,0.000086,-0.554823,-0.988227,0.017889,0.023122,0.126531,0.000000,0.053659,1.126601,-0.083020,-0.058520,0.232317,0.001184,-0.045600,-0.108416,2.0000,2.0000,1.0000,0.0000,3.0000,19.7613,23.6622,43.2327,-12.2029,13.6527,,,
1786589937744032990,2026-08-13T09:58:57.744051,ground_truth,0.149288,0.212000,0.104962,True,,,,,,,,,-0.125140,0.415435,0.420769,-0.125140,0.415435,0.420769,-0.125140,0.415435,0.420769,0.019293,0.073398,0.020000,0.078482,0.020296,0.081294,0.020469,0.086253,1.494965,0.144981,-0.873856,0.000086,-0.554823,-0.988227,0.017889,0.023122,0.126531,0.000000,0.053659,1.126601,-0.083020,-0.058520,0.232317,0.001184,-0.045600,-0.108416,2.0000,2.0000,1.0000,0.0000,3.0000,20.1654,24.7286,42.0315,-13.7498,13.5825,,,
1786589937773942815,2026-08-13T09:58:57.773960,ground_truth,0.147880,0.233000,0.104793,True,,,,,,,,,-0.125140,0.415435,0.420769,-0.124544,0.417483,0.421455,-0.124544,0.417483,0.421455,0.020435,0.070178,0.023503,0.076779,0.020296,0.081294,0.020469,0.086253,1.494965,0.144981,-0.873856,0.000086,-0.554823,-0.988227,0.017889,0.023122,0.126531,0.000000,0.053659,1.126601,-0.083020,-0.058520,0.232317,0.001184,-0.045600,-0.108416,2.0000,2.0000,2.0000,0.0000,3.0000,21.3751,26.5361,40.6043,-16.8923,15.0657,,,
1786589937808914027,2026-08-13T09:58:57.808933,ground_truth,0.148819,0.219000,0.108354,True,,,,,,,,,-0.125140,0.415435,0.420769,-0.124018,0.420186,0.422126,-0.124018,0.420186,0.422126,0.017727,0.091175,0.022651,0.095604,0.020296,0.081294,0.020469,0.086253,1.494965,0.144981,-0.873856,0.000086,-0.554823,-0.988227,0.017889,0.023122,0.126531,0.000000,0.053659,1.126601,-0.083020,-0.058520,0.232317,0.001184,-0.045600,-0.108416,2.0000,2.0000,2.0000,0.0000,3.0000,21.9054,27.2024,40.5362,-17.2797,15.4164,,,
1786589937847563761,2026-08-13T09:58:57.847583,ground_truth,0.147880,0.233000,0.108218,True,,,,,,,,,-0.124018,0.420186,0.422126,-0.123624,0.422647,0.423038,-0.123624,0.422647,0.423038,0.011119,0.069388,0.025718,0.074832,0.016624,0.070398,0.020113,0.075079,1.494965,0.144981,-0.873856,0.000086,-0.554823,-0.988227,0.017889,0.023122,0.126531,0.000000,0.053659,1.126601,-0.083020,-0.058520,0.232317,0.001184,-0.045600,-0.108416,2.0000,2.0000,2.0000,0.0000,3.0000,22.0220,27.3141,41.1977,-15.8919,15.2998,,,
1786589937880214797,2026-08-13T09:58:57.880230,ground_truth,0.147880,0.233000,0.111643,True,,,,,,,,,-0.123098,0.426606,0.423938,-0.123098,0.426606,0.423938,-0.123098,0.426606,0.423938,0.013608,0.102507,0.023300,0.105999,0.014067,0.098175,0.027709,0.102976,1.492835,0.150293,-0.856004,0.000119,-0.564912,-1.226342,0.006540,0.029231,0.078098,0.000000,0.053659,1.069880,-0.100380,-0.058520,0.233479,0.003584,-0.046976,-0.088768,2.0000,2.0000,2.0000,0.0000,3.0000,22.9876,28.5710,40.3360,-19.2298,16.0975,,,
1786589937911401959,2026-08-13T09:58:57.911422,ground_truth,0.147880,0.233000,0.111643,True,,,,,,,,,-0.123098,0.426606,0.423938,-0.122710,0.430064,0.425072,-0.122710,0.430064,0.425072,0.011949,0.106462,0.034919,0.112678,0.014067,0.098175,0.027709,0.102976,1.492599,0.151097,-0.853826,0.000129,-0.566378,-1.254552,0.008285,0.029231,0.075920,0.000000,0.051040,0.954250,-0.094780,-0.061040,0.222357,0.005248,-0.048544,-0.080928,2.0000,2.0000,2.0000,0.0000,3.0000,23.1533,28.7649,40.9234,-19.8909,15.1143,,,
1786589937945011207,2026-08-13T09:58:57.945026,ground_truth,0.144004,0.240000,0.114976,True,,,,,,,,,-0.122253,0.433423,0.426204,-0.122253,0.433423,0.426204,-0.122253,0.433423,0.426204,0.014753,0.108452,0.036531,0.115387,0.012608,0.101707,0.033803,0.107916,1.492253,0.152175,-0.850822,0.000140,-0.568340,-1.288884,0.007853,0.026174,0.072425,0.000000,0.048432,0.773611,-0.094220,-0.065940,0.236467,0.003008,-0.049600,-0.073760,2.0000,2.0000,2.0000,0.0000,3.0000,23.7131,29.1730,41.1744,-21.1168,15.2685,,,
1786589937973290928,2026-08-13T09:58:57.973317,ground_truth,0.144920,0.226000,0.115158,True,,,,,,,,,-0.122253,0.433423,0.426204,-0.121570,0.436388,0.427559,-0.121570,0.436388,0.427559,0.020223,0.087768,0.040108,0.098594,0.012608,0.101707,0.033803,0.107916,1.492142,0.152495,-0.849945,0.000140,-0.568922,-1.297755,0.009598,0.026174,0.072425,0.000000,0.048432,0.716448,-0.103740,-0.066220,0.230574,0.001792,-0.045312,-0.061664,2.0000,2.0000,2.0000,0.0000,3.0000,24.8264,30.2734,41.4966,-19.3619,15.4243,,,
1786589938002047404,2026-08-13T09:58:58.002070,ground_truth,0.144462,0.233000,0.115067,True,,,,,,,,,-0.122253,0.433423,0.426204,-0.120948,0.439274,0.428926,-0.120948,0.439274,0.428926,0.021908,0.101639,0.048140,0.114577,0.012608,0.101707,0.033803,0.107916,1.491770,0.153403,-0.847365,0.000151,-0.570614,-1.319713,0.011342,0.026174,0.070686,0.000000,0.045812,0.530580,-0.107240,-0.048020,0.231487,0.000576,-0.045312,-0.055616,2.0000,2.0000,2.0000,0.0000,3.0000,24.8287,30.1076,40.7329,-20.4355,15.1051,,,
1786589938039051315,2026-08-13T09:58:58.039073,ground_truth,0.144462,0.233000,0.115067,True,,,,,,,,,-0.120595,0.442144,0.430290,-0.120595,0.442144,0.430290,-0.120595,0.442144,0.430290,0.012198,0.099191,0.047135,0.110496,0.025011,0.131543,0.061626,0.147400,1.491770,0.153403,-0.847365,0.000151,-0.570614,-1.319713,0.011342,0.026174,0.070686,0.000000,0.045812,0.530580,-0.107240,-0.048020,0.231487,0.000576,-0.045312,-0.055616,3.0000,2.0000,2.0000,0.0000,4.0000,25.7851,30.6810,40.3600,-21.2495,15.5425,,,
1786589938067711643,2026-08-13T09:58:58.067734,ground_truth,0.143547,0.247000,0.114885,True,,,,,,,,,-0.120595,0.442144,0.430290,-0.120242,0.444212,0.431422,-0.120242,0.444212,0.431422,0.009656,0.056551,0.030983,0.065201,0.025011,0.131543,0.061626,0.147400,1.491770,0.153403,-0.847365,0.000151,-0.570614,-1.319713,0.011342,0.026174,0.070686,0.000000,0.045812,0.530580,-0.107240,-0.048020,0.231487,0.000576,-0.045312,-0.055616,3.0000,2.0000,1.0000,0.0000,3.0000,25.2435,30.4242,41.6606,-19.1353,14.5491,,,
1786589938097238782,2026-08-13T09:58:58.097256,ground_truth,0.138813,0.268000,0.114612,True,,,,,,,,,-0.119922,0.446119,0.432550,-0.119922,0.446119,0.432550,-0.119922,0.446119,0.432550,0.011111,0.066166,0.039114,0.077662,0.010124,0.059763,0.033983,0.069490,1.491770,0.153403,-0.847365,0.000151,-0.570614,-1.319713,0.011342,0.026174,0.070686,0.000000,0.045812,0.530580,-0.107240,-0.048020,0.231487,0.000576,-0.045312,-0.055616,3.0000,2.0000,2.0000,0.0000,4.0000,25.7823,30.8309,40.3776,-20.2200,15.3144,,,
1786589938125756090,2026-08-13T09:58:58.125771,ground_truth,0.140598,0.240000,0.114976,True,,,,,,,,,-0.119922,0.446119,0.432550,-0.119255,0.447993,0.433656,-0.119255,0.447993,0.433656,0.022771,0.063995,0.037781,0.077726,0.010124,0.059763,0.033983,0.069490,1.491561,0.153815,-0.846227,0.000151,-0.571369,-1.327549,0.013087,0.026174,0.070686,0.000000,0.045812,0.468620,-0.114660,-0.046480,0.240036,-0.000352,-0.046144,-0.054656,3.0000,2.0000,2.0000,0.0000,4.0000,26.7672,31.5207,39.9383,-20.4720,15.6201,,,
1786589938163553040,2026-08-13T09:58:58.163576,ground_truth,0.141044,0.233000,0.115067,True,,,,,,,,,-0.118675,0.449862,0.434785,-0.118675,0.449862,0.434785,-0.118675,0.449862,0.434785,0.020190,0.065108,0.039339,0.078704,0.018751,0.056309,0.033632,0.068216,1.488862,0.158538,-0.834881,0.000151,-0.577427,-1.359413,0.020940,0.044069,0.091192,0.000000,0.045812,0.045812,-0.117460,-0.029120,0.250577,-0.018592,-0.048704,-0.032000,3.0000,2.0000,2.0000,0.0000,4.0000,26.4974,31.4437,40.2627,-20.3464,15.3345,,,
1786589938193377523,2026-08-13T09:58:58.193395,ground_truth,0.141490,0.226000,0.111722,True,,,,,,,,,-0.118675,0.449862,0.434785,-0.118126,0.451729,0.435690,-0.118126,0.451729,0.435690,0.014374,0.048829,0.023651,0.056127,0.018751,0.056309,0.033632,0.068216,1.488091,0.160041,-0.831736,0.000151,-0.579022,-1.360092,0.024429,0.050609,0.102538,0.000000,0.054101,0.005228,-0.109620,-0.018900,0.254644,-0.023264,-0.044544,-0.027680,3.0000,2.0000,2.0000,0.0000,4.0000,26.3388,31.4740,39.6021,-20.3284,15.2089,,,
1786589938222675734,2026-08-13T09:58:58.222700,ground_truth,0.139705,0.254000,0.111404,True,,,,,,,,,-0.117668,0.453222,0.436377,-0.117668,0.453222,0.436377,-0.117668,0.453222,0.436377,0.015565,0.050830,0.023392,0.058079,0.015007,0.050085,0.023721,0.057414,1.487261,0.161727,-0.828212,0.000151,-0.580833,-1.360027,0.027487,0.055412,0.115185,0.000000,0.056279,0.007847,-0.107520,-0.027160,0.267260,-0.026272,-0.046208,0.023712,3.0000,2.0000,1.0000,0.0000,3.0000,25.5900,31.0477,38.7720,-20.3950,14.9001,,,
1786589938257709589,2026-08-13T09:58:58.257732,ground_truth,0.143547,0.247000,0.111484,True,,,,,,,,,-0.117668,0.453222,0.436377,-0.117030,0.454641,0.436806,-0.117030,0.454641,0.436806,0.021658,0.048095,0.014559,0.054719,0.015007,0.050085,0.023721,0.057414,1.487261,0.161727,-0.828212,0.000151,-0.580833,-1.360027,0.027487,0.055412,0.115185,0.000000,0.056279,0.007847,-0.107520,-0.027160,0.267260,-0.026272,-0.046208,0.023712,3.0000,2.0000,1.0000,0.0000,3.0000,25.4644,30.9062,38.8970,-19.1795,14.7994,,,
1786589938289999374,2026-08-13T09:58:58.290023,ground_truth,0.143089,0.254000,0.111404,True,,,,,,,,,-0.116741,0.456044,0.437252,-0.116741,0.456044,0.437252,-0.116741,0.456044,0.437252,0.008314,0.040395,0.012835,0.043192,0.013811,0.042016,0.013033,0.046108,1.487261,0.161727,-0.828212,0.000151,-0.580833,-1.360027,0.027487,0.055412,0.115185,0.000000,0.056279,0.007847,-0.107520,-0.027160,0.267260,-0.026272,-0.046208,0.023712,3.0000,2.0000,2.0000,0.0000,4.0000,25.4290,30.9885,38.8308,-18.1601,16.0849,,,
1786589938318442759,2026-08-13T09:58:58.318469,ground_truth,0.146472,0.254000,0.111404,True,,,,,,,,,-0.116741,0.456044,0.437252,-0.116359,0.458192,0.437456,-0.116359,0.458192,0.437456,0.011838,0.066548,0.006302,0.067886,0.013811,0.042016,0.013033,0.046108,1.487261,0.161727,-0.828212,0.000151,-0.580833,-1.360027,0.027487,0.055412,0.115185,0.000000,0.056279,0.007847,-0.107520,-0.027160,0.267260,-0.026272,-0.046208,0.023712,3.0000,2.0000,2.0000,0.0000,4.0000,25.4290,30.9885,38.8308,-18.1601,16.0849,,,
1786589938355634886,2026-08-13T09:58:58.355657,ground_truth,0.145534,0.268000,0.111245,True,,,,,,,,,-0.116265,0.459741,0.437668,-0.116265,0.459741,0.437668,-0.116265,0.459741,0.437668,0.003211,0.053002,0.007266,0.053594,0.007183,0.055802,0.006275,0.056611,1.487261,0.161727,-0.828212,0.000151,-0.580833,-1.360027,0.027487,0.055412,0.115185,0.000000,0.056279,0.007847,-0.107520,-0.027160,0.267260,-0.026272,-0.046208,0.023712,2.0000,2.0000,2.0000,0.0000,3.0000,24.6787,30.4393,39.6877,-14.4135,15.4103,,,
1786589938384613254,2026-08-13T09:58:58.384631,ground_truth,0.146472,0.254000,0.108014,True,,,,,,,,,-0.116265,0.459741,0.437668,-0.116108,0.461171,0.437642,-0.116108,0.461171,0.437642,0.004302,0.039324,-0.000729,0.039566,0.007183,0.055802,0.006275,0.056611,1.487261,0.161727,-0.828212,0.000151,-0.580833,-1.360027,0.027487,0.055412,0.115185,0.000000,0.056279,0.007847,-0.107520,-0.027160,0.267260,-0.026272,-0.046208,0.023712,2.0000,2.0000,1.0000,0.0000,3.0000,22.4295,27.7165,40.7133,-12.6328,13.6032,,,
1786589938420184374,2026-08-13T09:58:58.420215,ground_truth,0.146942,0.247000,0.108082,True,,,,,,,,,-0.116014,0.462577,0.437400,-0.116014,0.462577,0.437400,-0.116014,0.462577,0.437400,0.003263,0.048882,-0.008410,0.049707,0.003777,0.042789,-0.004050,0.043146,1.481401,0.173964,-0.800025,0.000129,-0.597142,-1.354228,0.026174,0.060645,0.157951,0.000000,0.099914,0.024426,-0.102200,-0.062300,0.263940,-0.039968,-0.048704,0.032512,2.0000,2.0000,1.0000,0.0000,3.0000,22.4295,27.7165,40.7133,-12.6328,13.6032,,,
1786589938451443556,2026-08-13T09:58:58.451464,ground_truth,0.150818,0.240000,0.108150,True,,,,,,,,,-0.116014,0.462577,0.437400,-0.116210,0.463979,0.436940,-0.116210,0.463979,0.436940,-0.005378,0.038484,-0.012623,0.040857,0.003777,0.042789,-0.004050,0.043146,1.481401,0.173964,-0.800025,0.000129,-0.597142,-1.354228,0.026174,0.060645,0.157951,0.000000,0.099914,0.024426,-0.102200,-0.062300,0.263940,-0.039968,-0.048704,0.032512,2.0000,2.0000,1.0000,0.0000,3.0000,21.2912,26.7075,41.6907,-12.3548,12.8395,,,
1786589938484771680,2026-08-13T09:58:58.484800,ground_truth,0.149856,0.254000,0.108014,True,,,,,,,,,-0.116604,0.465005,0.436473,-0.116604,0.465005,0.436473,-0.116604,0.465005,0.436473,-0.012884,0.033651,-0.015311,0.039151,-0.008778,0.036187,-0.013813,0.039716,1.481401,0.173964,-0.800025,0.000129,-0.597142,-1.354228,0.026174,0.060645,0.157951,0.000000,0.099914,0.024426,-0.102200,-0.062300,0.263940,-0.039968,-0.048704,0.032512,2.0000,2.0000,1.0000,0.0000,3.0000,20.8793,26.2647,42.2219,-12.2537,12.6094,,,
1786589938517876687,2026-08-13T09:58:58.517894,ground_truth,0.150337,0.247000,0.108082,True,,,,,,,,,-0.116604,0.465005,0.436473,-0.116963,0.465957,0.436003,-0.116963,0.465957,0.436003,-0.010796,0.028584,-0.014118,0.033659,-0.008778,0.036187,-0.013813,0.039716,1.481401,0.173964,-0.800025,0.000129,-0.597142,-1.354228,0.026174,0.060645,0.157951,0.000000,0.099914,0.024426,-0.102200,-0.062300,0.263940,-0.039968,-0.048704,0.032512,2.0000,2.0000,1.0000,0.0000,3.0000,20.1916,25.6203,42.2084,-13.9501,12.4765,,,
1786589938552477011,2026-08-13T09:58:58.552494,ground_truth,0.149375,0.261000,0.107946,True,,,,,,,,,-0.117355,0.466895,0.435537,-0.117355,0.466895,0.435537,-0.117355,0.466895,0.435537,-0.011790,0.028209,-0.014019,0.033634,-0.011252,0.028295,-0.014018,0.033522,1.481401,0.173964,-0.800025,0.000129,-0.597142,-1.354228,0.026174,0.060645,0.157951,0.000000,0.099914,0.024426,-0.102200,-0.062300,0.263940,-0.039968,-0.048704,0.032512,2.0000,2.0000,1.0000,0.0000,3.0000,19.5046,24.9732,42.1129,-14.9152,12.7095,,,
1786589938585012394,2026-08-13T09:58:58.585032,ground_truth,0.150337,0.247000,0.108082,True,,,,,,,,,-0.117355,0.466895,0.435537,-0.117743,0.468202,0.435074,-0.117743,0.468202,0.435074,-0.011240,0.037819,-0.013382,0.041662,-0.011252,0.028295,-0.014018,0.033522,1.481401,0.173964,-0.800025,0.000129,-0.597142,-1.354228,0.026174,0.060645,0.157951,0.000000,0.099914,0.024426,-0.102200,-0.062300,0.263940,-0.039968,-0.048704,0.032512,2.0000,2.0000,1.0000,0.0000,3.0000,19.2214,24.4256,41.2636,-15.2164,13.3984,,,
1786589938617618665,2026-08-13T09:58:58.617641,ground_truth,0.148001,0.281000,0.104406,True,,,,,,,,,-0.118512,0.468463,0.434639,-0.118512,0.468463,0.434639,-0.118512,0.468463,0.434639,-0.023602,0.008033,-0.013374,0.028293,-0.017411,0.023613,-0.013515,0.032302,1.477428,0.184777,-0.764605,0.000108,-0.621945,-1.350240,0.019634,0.047120,0.196785,0.000000,0.150964,0.021375,-0.105280,-0.071820,0.279295,-0.046880,-0.061056,0.030400,2.0000,2.0000,1.0000,0.0000,3.0000,19.1627,24.3752,41.9727,-14.8720,13.0707,,,
1786589938661177781,2026-08-13T09:58:58.661199,ground_truth,0.150337,0.247000,0.104680,True,,,,,,,,,-0.118512,0.468463,0.434639,-0.119005,0.469262,0.433934,-0.119005,0.469262,0.433934,-0.015092,0.024429,-0.021546,0.035900,-0.017411,0.023613,-0.013515,0.032302,1.477428,0.184777,-0.764605,0.000108,-0.621945,-1.350240,0.019634,0.047120,0.196785,0.000000,0.150964,0.021375,-0.105280,-0.071820,0.279295,-0.046880,-0.061056,0.030400,2.0000,2.0000,1.0000,0.0000,3.0000,19.1234,24.1093,41.5221,-14.0267,13.6807,,,
1786589938703070782,2026-08-13T09:58:58.703088,ground_truth,0.148001,0.281000,0.104406,True,,,,,,,,,-0.119625,0.469796,0.433242,-0.119625,0.469796,0.433242,-0.119625,0.469796,0.433242,-0.014263,0.012274,-0.015942,0.024662,-0.016710,0.019997,-0.020974,0.033452,1.477428,0.184777,-0.764605,0.000108,-0.621945,-1.350240,0.019634,0.047120,0.196785,0.000000,0.150964,0.021375,-0.105280,-0.071820,0.279295,-0.046880,-0.061056,0.030400,2.0000,2.0000,1.0000,0.0000,3.0000,19.0463,23.9445,41.7231,-13.0812,13.5389,,,
1786589938740538035,2026-08-13T09:58:58.740555,ground_truth,0.148001,0.281000,0.104406,True,,,,,,,,,-0.119625,0.469796,0.433242,-0.120059,0.472462,0.432754,-0.120059,0.472462,0.432754,-0.010310,0.063334,-0.011584,0.065205,-0.016710,0.019997,-0.020974,0.033452,1.477428,0.184777,-0.764605,0.000108,-0.621945,-1.350240,0.019634,0.047120,0.196785,0.000000,0.150964,0.021375,-0.105280,-0.071820,0.279295,-0.046880,-0.061056,0.030400,2.0000,2.0000,1.0000,0.0000,3.0000,18.8854,24.0027,41.5058,-12.9301,13.5728,,,
1786589938767553991,2026-08-13T09:58:58.767572,ground_truth,0.147520,0.288000,0.104350,True,,,,,,,,,-0.120059,0.472462,0.432754,-0.120612,0.475556,0.432288,-0.120612,0.475556,0.432288,-0.014759,0.082546,-0.012449,0.084774,-0.006459,0.039683,-0.007258,0.040855,1.477428,0.184777,-0.764605,0.000108,-0.621945,-1.350240,0.019634,0.047120,0.196785,0.000000,0.150964,0.021375,-0.105280,-0.071820,0.279295,-0.046880,-0.061056,0.030400,2.0000,2.0000,1.0000,0.0000,3.0000,18.9762,23.7926,42.0353,-10.9873,14.6228,,,
1786589938800416425,2026-08-13T09:58:58.800436,ground_truth,0.148482,0.274000,0.104463,True,,,,,,,,,-0.120059,0.472462,0.432754,-0.120877,0.477988,0.431812,-0.120877,0.477988,0.431812,-0.009862,0.090536,-0.017704,0.092777,-0.006459,0.039683,-0.007258,0.040855,1.477193,0.185320,-0.762240,0.000108,-0.623767,-1.349981,0.019634,0.044069,0.197216,0.000000,0.153584,0.021375,-0.102200,-0.069720,0.267592,-0.047200,-0.056896,0.030720,2.0000,2.0000,1.0000,0.0000,3.0000,18.8729,23.8194,41.9900,-10.3088,14.1598,,,
1786589938832888850,2026-08-13T09:58:58.832914,ground_truth,0.148482,0.274000,0.104463,True,,,,,,,,,-0.121236,0.479914,0.431349,-0.121236,0.479914,0.431349,-0.121236,0.479914,0.431349,-0.010844,0.058101,-0.013957,0.060730,-0.017791,0.112586,-0.021225,0.115943,1.477193,0.185320,-0.762240,0.000108,-0.623767,-1.349981,0.019634,0.044069,0.197216,0.000000,0.153584,0.021375,-0.102200,-0.069720,0.267592,-0.047200,-0.056896,0.030720,2.0000,2.0000,1.0000,0.0000,3.0000,18.5201,23.5750,43.6069,-12.0094,14.0653,,,
1786589938867110740,2026-08-13T09:58:58.867135,ground_truth,0.148001,0.281000,0.101061,True,,,,,,,,,-0.121236,0.479914,0.431349,-0.121370,0.481366,0.430886,-0.121370,0.481366,0.430886,-0.004119,0.044643,-0.014228,0.047036,-0.017791,0.112586,-0.021225,0.115943,1.477193,0.185320,-0.762240,0.000108,-0.623767,-1.349981,0.019634,0.044069,0.197216,0.000000,0.153584,0.021375,-0.102200,-0.069720,0.267592,-0.047200,-0.056896,0.030720,2.0000,2.0000,1.0000,0.0000,3.0000,18.6986,23.4987,43.0374,-10.4571,13.2485,,,
1786589938902326375,2026-08-13T09:58:58.902349,ground_truth,0.148001,0.281000,0.101061,True,,,,,,,,,-0.121535,0.482723,0.430208,-0.121535,0.482723,0.430208,-0.121535,0.482723,0.430208,-0.004811,0.039692,-0.019858,0.044642,-0.004490,0.042254,-0.017174,0.045832,1.477193,0.185320,-0.762240,0.000108,-0.623767,-1.349981,0.019634,0.044069,0.197216,0.000000,0.153584,0.021375,-0.102200,-0.069720,0.267592,-0.047200,-0.056896,0.030720,2.0000,2.0000,1.0000,0.0000,3.0000,18.5081,23.4463,43.1994,-10.8509,13.2120,,,
1786589938929182117,2026-08-13T09:58:58.929204,ground_truth,0.147520,0.288000,0.101016,True,,,,,,,,,-0.121535,0.482723,0.430208,-0.121637,0.484434,0.429744,-0.121637,0.484434,0.429744,-0.002911,0.048885,-0.013241,0.050730,-0.004490,0.042254,-0.017174,0.045832,1.473593,0.190579,-0.732857,0.000108,-0.648118,-1.346348,0.023122,0.020940,0.135698,0.000000,0.113442,0.021807,-0.085120,-0.091140,0.251407,-0.044640,-0.055392,0.030848,2.0000,2.0000,1.0000,0.0000,3.0000,18.4957,23.5132,43.1999,-11.5494,11.6370,,,
1786589938957265393,2026-08-13T09:58:58.957283,ground_truth,0.148001,0.281000,0.104406,True,,,,,,,,,-0.121675,0.486217,0.429273,-0.121675,0.486217,0.429273,-0.121675,0.486217,0.429273,-0.001448,0.066900,-0.017682,0.069213,-0.002106,0.052358,-0.014006,0.054240,1.470921,0.194682,-0.716670,0.000108,-0.660471,-1.343815,0.011342,0.037523,0.089444,0.000000,0.053659,0.010898,-0.086100,-0.068180,0.250162,-0.048544,-0.044096,0.034848,2.0000,2.0000,1.0000,0.0000,3.0000,18.7956,24.3395,41.4661,-14.6019,13.8469,,,
1786589938985053678,2026-08-13T09:58:58.985072,ground_truth,0.146147,0.308000,0.104189,True,,,,,,,,,-0.121675,0.486217,0.429273,-0.121487,0.488386,0.429023,-0.121487,0.488386,0.429023,0.006716,0.077612,-0.008927,0.078412,-0.002106,0.052358,-0.014006,0.054240,1.470803,0.195166,-0.715622,0.000108,-0.661085,-1.343686,0.007853,0.040574,0.087266,0.000000,0.048432,0.010898,-0.087920,-0.076440,0.249996,-0.048256,-0.041760,0.033344,2.0000,2.0000,1.0000,0.0000,3.0000,18.6088,24.1250,42.2533,-14.1462,13.2925,,,
1786589939020435085,2026-08-13T09:58:59.020455,ground_truth,0.146627,0.301000,0.104245,True,,,,,,,,,-0.121240,0.491007,0.428768,-0.121240,0.491007,0.428768,-0.121240,0.491007,0.428768,0.008898,0.094294,-0.009176,0.095157,0.006495,0.071514,-0.007533,0.072202,1.470803,0.195166,-0.715622,0.000108,-0.661085,-1.343686,0.007853,0.040574,0.087266,0.000000,0.048432,0.010898,-0.087920,-0.076440,0.249996,-0.048256,-0.041760,0.033344,2.0000,2.0000,1.0000,0.0000,3.0000,18.9299,24.4130,42.5472,-14.9723,14.2209,,,
1786589939050540751,2026-08-13T09:58:59.050552,ground_truth,0.141981,0.321000,0.104084,True,,,,,,,,,-0.121240,0.491007,0.428768,-0.120993,0.494411,0.428513,-0.120993,0.494411,0.428513,0.007001,0.096371,-0.007241,0.096896,0.006495,0.071514,-0.007533,0.072202,1.470803,0.195166,-0.715622,0.000108,-0.661085,-1.343686,0.007853,0.040574,0.087266,0.000000,0.048432,0.010898,-0.087920,-0.076440,0.249996,-0.048256,-0.041760,0.033344,2.0000,2.0000,1.0000,0.0000,3.0000,18.9906,24.3353,42.8777,-13.7579,13.8887,,,
1786589939084876613,2026-08-13T09:58:59.084891,ground_truth,0.143321,0.301000,0.104245,True,,,,,,,,,-0.120500,0.497972,0.428255,-0.120500,0.497972,0.428255,-0.120500,0.497972,0.428255,0.016085,0.116182,-0.008401,0.117590,0.011087,0.104312,-0.007687,0.105181,1.470803,0.195166,-0.715622,0.000108,-0.661085,-1.343686,0.007853,0.040574,0.087266,0.000000,0.048432,0.010898,-0.087920,-0.076440,0.249996,-0.048256,-0.041760,0.033344,2.0000,2.0000,1.0000,0.0000,3.0000,19.3839,24.6935,42.8222,-13.5162,14.2763,,,
1786589939118030535,2026-08-13T09:58:59.118043,ground_truth,0.142450,0.314000,0.104140,True,,,,,,,,,-0.120500,0.497972,0.428255,-0.120032,0.501564,0.427999,-0.120032,0.501564,0.427999,0.013793,0.105941,-0.007544,0.107102,0.011087,0.104312,-0.007687,0.105181,1.470803,0.195166,-0.715622,0.000108,-0.661085,-1.343686,0.007853,0.040574,0.087266,0.000000,0.048432,0.010898,-0.087920,-0.076440,0.249996,-0.048256,-0.041760,0.033344,2.0000,2.0000,1.0000,0.0000,3.0000,19.1333,24.3558,43.7892,-11.7084,13.4526,,,
1786589939154684201,2026-08-13T09:58:59.154728,ground_truth,0.142450,0.314000,0.104140,True,,,,,,,,,-0.119662,0.505109,0.427982,-0.119662,0.505109,0.427982,-0.119662,0.505109,0.427982,0.011118,0.106499,-0.000533,0.107080,0.012575,0.107125,-0.004105,0.107938,1.470699,0.195662,-0.714589,0.000108,-0.661646,-1.343578,0.008285,0.042756,0.085519,0.000000,0.045812,0.008289,-0.091700,-0.063840,0.248834,-0.048256,-0.041856,0.032352,2.0000,2.0000,1.0000,0.0000,3.0000,19.3431,24.4514,43.6943,-10.8758,13.1769,,,
1786589939188570989,2026-08-13T09:58:59.188589,ground_truth,0.142852,0.308000,0.107490,True,,,,,,,,,-0.119662,0.505109,0.427982,-0.119136,0.509392,0.427946,-0.119136,0.509392,0.427946,0.014024,0.114220,-0.000960,0.115082,0.012575,0.107125,-0.004105,0.107938,1.470699,0.195662,-0.714589,0.000108,-0.661646,-1.343578,0.008285,0.042756,0.085519,0.000000,0.045812,0.008289,-0.091700,-0.063840,0.248834,-0.048256,-0.041856,0.032352,2.0000,2.0000,1.0000,0.0000,3.0000,19.2465,24.3366,43.5820,-11.3898,12.8970,,,
1786589939222499190,2026-08-13T09:58:59.222518,ground_truth,0.142852,0.308000,0.107490,True,,,,,,,,,-0.118793,0.512008,0.428151,-0.118793,0.512008,0.428151,-0.118793,0.512008,0.428151,0.010476,0.079852,0.006273,0.080780,0.013054,0.103621,0.002547,0.104471,1.470699,0.195662,-0.714589,0.000108,-0.661646,-1.343578,0.008285,0.042756,0.085519,0.000000,0.045812,0.008289,-0.091700,-0.063840,0.248834,-0.048256,-0.041856,0.032352,2.0000,2.0000,1.0000,0.0000,3.0000,19.6266,24.7795,43.2153,-12.7571,14.0837,,,
1786589939256265641,2026-08-13T09:58:59.256280,ground_truth,0.141578,0.327000,0.107305,True,,,,,,,,,-0.118793,0.512008,0.428151,-0.118450,0.513971,0.428357,-0.118450,0.513971,0.428357,0.010077,0.057632,0.006034,0.058816,0.013054,0.103621,0.002547,0.104471,1.471568,0.204136,-0.703183,0.000097,-0.664664,-1.344419,0.021378,0.058901,0.053667,0.000000,0.002609,0.024426,0.098140,-0.076440,0.244518,-0.049312,-0.042368,-0.026400,2.0000,2.0000,1.0000,0.0000,3.0000,19.6035,24.6809,44.0731,-11.5689,13.2967,,,
1786589939289875546,2026-08-13T09:58:59.289895,ground_truth,0.138315,0.327000,0.107305,True,,,,,,,,,-0.118054,0.515804,0.428554,-0.118054,0.515804,0.428554,-0.118054,0.515804,0.428554,0.011572,0.053535,0.005755,0.055073,0.011085,0.056909,0.006035,0.058292,1.471568,0.204136,-0.703183,0.000097,-0.664664,-1.344419,0.021378,0.058901,0.053667,0.000000,0.002609,0.024426,0.098140,-0.076440,0.244518,-0.049312,-0.042368,-0.026400,2.0000,2.0000,1.0000,0.0000,3.0000,19.5595,24.4736,43.5400,-11.8280,13.1918,,,
1786589939318624268,2026-08-13T09:58:59.318644,ground_truth,0.138315,0.327000,0.107305,True,,,,,,,,,-0.118054,0.515804,0.428554,-0.117376,0.518624,0.428743,-0.117376,0.518624,0.428743,0.020206,0.084063,0.005649,0.086642,0.011085,0.056909,0.006035,0.058292,1.471568,0.204136,-0.703183,0.000097,-0.664664,-1.344419,0.021378,0.058901,0.053667,0.000000,0.002609,0.024426,0.098140,-0.076440,0.244518,-0.049312,-0.042368,-0.026400,2.0000,2.0000,1.0000,0.0000,3.0000,20.2042,25.0576,42.8050,-12.7354,13.9957,,,
1786589939356499594,2026-08-13T09:58:59.356515,ground_truth,0.138315,0.327000,0.107305,True,,,,,,,,,-0.116698,0.522014,0.428933,-0.116698,0.522014,0.428933,-0.116698,0.522014,0.428933,0.023341,0.116760,0.006525,0.119249,0.020278,0.092900,0.005669,0.095256,1.471568,0.204136,-0.703183,0.000097,-0.664664,-1.344419,0.021378,0.058901,0.053667,0.000000,0.002609,0.024426,0.098140,-0.076440,0.244518,-0.049312,-0.042368,-0.026400,2.0000,2.0000,1.0000,0.0000,3.0000,20.2795,25.1443,42.8106,-12.4117,13.9245,,,
1786589939385059242,2026-08-13T09:58:59.385072,ground_truth,0.133458,0.352000,0.107062,True,,,,,,,,,-0.116698,0.522014,0.428933,-0.116052,0.525519,0.429349,-0.116052,0.525519,0.429349,0.017135,0.093002,0.011046,0.095211,0.020278,0.092900,0.005669,0.095256,1.471568,0.204136,-0.703183,0.000097,-0.664664,-1.344419,0.021378,0.058901,0.053667,0.000000,0.002609,0.024426,0.098140,-0.076440,0.244518,-0.049312,-0.042368,-0.026400,2.0000,2.0000,1.0000,0.0000,3.0000,20.2648,25.0384,43.1009,-12.1713,14.4480,,,
1786589939417824987,2026-08-13T09:58:59.417840,ground_truth,0.134223,0.340000,0.107179,True,,,,,,,,,-0.115083,0.528674,0.429749,-0.115083,0.528674,0.429749,-0.115083,0.528674,0.429749,0.034040,0.110747,0.014047,0.116709,0.024458,0.100830,0.012361,0.104488,1.481022,0.222653,-0.687963,0.000086,-0.660654,-1.353915,0.037960,0.088139,0.089444,0.000000,0.013517,0.034903,0.116480,-0.049560,0.265849,-0.055776,0.038624,-0.034688,2.0000,2.0000,1.0000,0.0000,3.0000,20.0626,24.9213,42.9269,-11.9596,14.5029,,,
1786589939453752369,2026-08-13T09:58:59.453777,ground_truth,0.134669,0.333000,0.107247,True,,,,,,,,,-0.115083,0.528674,0.429749,-0.114196,0.532451,0.430160,-0.114196,0.532451,0.430160,0.027138,0.115642,0.012578,0.119448,0.024458,0.100830,0.012361,0.104488,1.481022,0.222653,-0.687963,0.000086,-0.660654,-1.353915,0.037960,0.088139,0.089444,0.000000,0.013517,0.034903,0.116480,-0.049560,0.265849,-0.055776,0.038624,-0.034688,2.0000,2.0000,1.0000,0.0000,3.0000,19.8729,24.7789,42.7225,-12.0104,14.4094,,,
1786589939490465636,2026-08-13T09:58:59.490504,ground_truth,0.133076,0.358000,0.107004,True,,,,,,,,,-0.113308,0.536353,0.430349,-0.113308,0.536353,0.430349,-0.113308,0.536353,0.430349,0.024835,0.109036,0.005291,0.111954,0.026559,0.114893,0.008980,0.118264,1.481022,0.222653,-0.687963,0.000086,-0.660654,-1.353915,0.037960,0.088139,0.089444,0.000000,0.013517,0.034903,0.116480,-0.049560,0.265849,-0.055776,0.038624,-0.034688,2.0000,2.0000,1.0000,0.0000,3.0000,19.4008,23.9837,44.0430,-9.5046,12.8807,,,
1786589939518569086,2026-08-13T09:58:59.518596,ground_truth,0.133458,0.352000,0.107062,True,,,,,,,,,-0.113308,0.536353,0.430349,-0.112436,0.539907,0.430537,-0.112436,0.539907,0.430537,0.023642,0.096420,0.005092,0.099406,0.026559,0.114893,0.008980,0.118264,1.481022,0.222653,-0.687963,0.000086,-0.660654,-1.353915,0.037960,0.088139,0.089444,0.000000,0.013517,0.034903,0.116480,-0.049560,0.265849,-0.055776,0.038624,-0.034688,2.0000,2.0000,1.0000,0.0000,3.0000,19.4573,24.1060,43.5818,-9.4979,13.2830,,,
1786589939553530346,2026-08-13T09:58:59.553545,ground_truth,0.133458,0.352000,0.107062,True,,,,,,,,,-0.111558,0.543338,0.430725,-0.111558,0.543338,0.430725,-0.111558,0.543338,0.430725,0.031585,0.123428,0.006757,0.127584,0.026188,0.104561,0.005621,0.107937,1.485380,0.236432,-0.674089,0.000086,-0.660234,-1.358260,0.020940,0.089883,0.095117,0.000000,0.000000,0.018756,0.096600,-0.086800,0.257798,-0.056544,-0.000800,-0.032128,2.0000,2.0000,1.0000,0.0000,3.0000,19.4535,24.0648,43.8304,-9.4867,12.6739,,,
1786589939586822248,2026-08-13T09:58:59.586845,ground_truth,0.132693,0.364000,0.106946,True,,,,,,,,,-0.111558,0.543338,0.430725,-0.110990,0.546371,0.430923,-0.110990,0.546371,0.430923,0.015808,0.084383,0.005524,0.086029,0.026188,0.104561,0.005621,0.107937,1.485896,0.239242,-0.671063,0.000086,-0.660277,-1.358734,0.014831,0.086825,0.096426,0.000000,0.002609,0.010898,0.090720,-0.058240,0.253648,-0.056672,-0.013536,-0.032224,2.0000,2.0000,1.0000,0.0000,3.0000,19.4267,24.1321,44.0405,-9.4303,12.8439,,,
1786589939622103937,2026-08-13T09:58:59.622120,ground_truth,0.132247,0.371000,0.106878,True,,,,,,,,,-0.110282,0.549697,0.431103,-0.110282,0.549697,0.431103,-0.110282,0.549697,0.431103,0.021426,0.100594,0.005444,0.102995,0.019123,0.095257,0.005671,0.097323,1.485896,0.239242,-0.671063,0.000086,-0.660277,-1.358734,0.014831,0.086825,0.096426,0.000000,0.002609,0.010898,0.090720,-0.058240,0.253648,-0.056672,-0.013536,-0.032224,2.0000,2.0000,1.0000,0.0000,3.0000,19.4267,24.1321,44.0405,-9.4303,12.8439,,,
1786589939657396144,2026-08-13T09:58:59.657416,ground_truth,0.129057,0.371000,0.106878,True,,,,,,,,,-0.110282,0.549697,0.431103,-0.109601,0.553029,0.431286,-0.109601,0.553029,0.431286,0.019454,0.095297,0.005219,0.097402,0.019123,0.095257,0.005671,0.097323,1.485896,0.239242,-0.671063,0.000086,-0.660277,-1.358734,0.014831,0.086825,0.096426,0.000000,0.002609,0.010898,0.090720,-0.058240,0.253648,-0.056672,-0.013536,-0.032224,2.0000,2.0000,1.0000,0.0000,3.0000,19.0611,23.7444,44.0573,-9.7029,12.8627,,,
1786589939686316060,2026-08-13T09:58:59.686328,ground_truth,0.129864,0.358000,0.107004,True,,,,,,,,,-0.108708,0.556736,0.431468,-0.108708,0.556736,0.431468,-0.108708,0.556736,0.431468,0.025495,0.105831,0.005211,0.108983,0.023607,0.105625,0.005477,0.108369,1.485896,0.239242,-0.671063,0.000086,-0.660277,-1.358734,0.014831,0.086825,0.096426,0.000000,0.002609,0.010898,0.090720,-0.058240,0.253648,-0.056672,-0.013536,-0.032224,2.0000,2.0000,1.0000,0.0000,3.0000,19.1108,23.7762,44.6871,-9.3594,12.7694,,,
1786589939718334953,2026-08-13T09:58:59.718354,ground_truth,0.129057,0.371000,0.106878,True,,,,,,,,,-0.108708,0.556736,0.431468,-0.107843,0.560517,0.431436,-0.107843,0.560517,0.431436,0.029171,0.127388,-0.001091,0.130690,0.023607,0.105625,0.005477,0.108369,1.485896,0.239242,-0.671063,0.000086,-0.660277,-1.358734,0.014831,0.086825,0.096426,0.000000,0.002609,0.010898,0.090720,-0.058240,0.253648,-0.056672,-0.013536,-0.032224,2.0000,2.0000,1.0000,0.0000,3.0000,18.9070,23.5677,44.9751,-9.3265,12.7124,,,
1786589939763636618,2026-08-13T09:58:59.763653,ground_truth,0.128684,0.377000,0.106819,True,,,,,,,,,-0.106923,0.564633,0.431395,-0.106923,0.564633,0.431395,-0.106923,0.564633,0.431395,0.029381,0.131498,-0.001303,0.134747,0.026774,0.118420,-0.001097,0.121414,1.485896,0.239242,-0.671063,0.000086,-0.660277,-1.358734,0.014831,0.086825,0.096426,0.000000,0.002609,0.010898,0.090720,-0.058240,0.253648,-0.056672,-0.013536,-0.032224,2.0000,2.0000,1.0000,0.0000,3.0000,18.7413,23.2412,45.2010,-9.1968,12.5420,,,
1786589939791681435,2026-08-13T09:58:59.791698,ground_truth,0.125141,0.383000,0.106761,True,,,,,,,,,-0.106923,0.564633,0.431395,-0.106063,0.568816,0.431363,-0.106063,0.568816,0.431363,0.019045,0.092681,-0.000717,0.094621,0.026774,0.118420,-0.001097,0.121414,1.485896,0.239242,-0.671063,0.000086,-0.660277,-1.358734,0.014831,0.086825,0.096426,0.000000,0.002609,0.010898,0.090720,-0.058240,0.253648,-0.056672,-0.013536,-0.032224,2.0000,2.0000,1.0000,0.0000,3.0000,18.7299,23.0029,45.3460,-7.7009,13.7064,,,
1786589939822828458,2026-08-13T09:58:59.822847,ground_truth,0.124778,0.389000,0.106703,True,,,,,,,,,-0.105185,0.572320,0.431327,-0.105185,0.572320,0.431327,-0.105185,0.572320,0.431327,0.031360,0.125088,-0.001294,0.128965,0.025980,0.114908,-0.001026,0.117813,1.485896,0.239242,-0.671063,0.000086,-0.660277,-1.358734,0.014831,0.086825,0.096426,0.000000,0.002609,0.010898,0.090720,-0.058240,0.253648,-0.056672,-0.013536,-0.032224,2.0000,2.0000,1.0000,0.0000,3.0000,18.1180,22.4224,46.3901,-8.1186,12.9466,,,
1786589939856042541,2026-08-13T09:58:59.856060,ground_truth,0.124778,0.389000,0.106703,True,,,,,,,,,-0.105185,0.572320,0.431327,-0.104282,0.576007,0.431286,-0.104282,0.576007,0.431286,0.028817,0.117741,-0.001282,0.121223,0.025980,0.114908,-0.001026,0.117813,1.485739,0.266467,-0.634208,0.000075,-0.670366,-1.358691,0.013087,0.099481,0.159691,0.000000,0.061949,0.010898,-0.095060,-0.088900,0.271991,-0.057504,-0.050496,0.025344,2.0000,2.0000,1.0000,0.0000,3.0000,18.0202,22.7946,44.4511,-10.9239,14.6748,,,
1786589939886228614,2026-08-13T09:58:59.886247,ground_truth,0.121617,0.389000,0.106703,True,,,,,,,,,-0.103380,0.580051,0.431246,-0.103380,0.580051,0.431246,-0.103380,0.580051,0.431246,0.027182,0.121808,-0.001209,0.124810,0.027371,0.117241,-0.001217,0.120399,1.485314,0.269551,-0.629137,0.000075,-0.672360,-1.358313,0.014831,0.092934,0.157951,0.000000,0.061949,0.013517,-0.097020,-0.102480,0.280955,-0.056896,-0.049376,0.027680,2.0000,2.0000,1.0000,0.0000,3.0000,17.9728,22.7566,44.4361,-10.8567,14.7224,,,
1786589939921354654,2026-08-13T09:58:59.921372,ground_truth,0.120911,0.401000,0.106586,True,,,,,,,,,-0.103380,0.580051,0.431246,-0.102591,0.584167,0.431222,-0.102591,0.584167,0.431222,0.025897,0.135008,-0.000786,0.137471,0.027371,0.117241,-0.001217,0.120399,1.484857,0.272106,-0.624743,0.000075,-0.674171,-1.357925,0.017889,0.089883,0.156204,0.000000,0.067188,0.013517,-0.083580,-0.100100,0.286682,-0.056992,-0.054336,0.028960,2.0000,2.0000,1.0000,0.0000,3.0000,17.6038,22.3252,45.4625,-10.0920,14.8947,,,
1786589939952823762,2026-08-13T09:58:59.952850,ground_truth,0.117770,0.401000,0.103439,True,,,,,,,,,-0.101703,0.587603,0.431183,-0.101703,0.587603,0.431183,-0.101703,0.587603,0.431183,0.025557,0.098964,-0.001137,0.102217,0.025033,0.112737,-0.000947,0.115487,1.484576,0.273530,-0.622222,0.000075,-0.675292,-1.357677,0.017889,0.088139,0.157951,0.000000,0.072857,0.016137,-0.077420,-0.103460,0.281121,-0.056672,-0.050368,0.027840,2.0000,2.0000,1.0000,0.0000,3.0000,17.3659,22.0619,45.4531,-10.0108,14.9832,,,
1786589939986874937,2026-08-13T09:58:59.986896,ground_truth,0.114629,0.401000,0.103439,True,,,,,,,,,-0.101703,0.587603,0.431183,-0.100576,0.591544,0.430929,-0.100576,0.591544,0.430929,0.035348,0.123640,-0.007964,0.128840,0.025033,0.112737,-0.000947,0.115487,1.484576,0.273530,-0.622222,0.000075,-0.675292,-1.357677,0.017889,0.088139,0.157951,0.000000,0.072857,0.016137,-0.077420,-0.103460,0.281121,-0.056672,-0.050368,0.027840,2.0000,2.0000,1.0000,0.0000,3.0000,17.1224,21.5293,45.7941,-9.2876,14.7333,,,
1786589940018951095,2026-08-13T09:59:00.018971,ground_truth,0.114019,0.412000,0.103351,True,,,,,,,,,-0.099347,0.595585,0.430691,-0.099347,0.595585,0.430691,-0.099347,0.595585,0.430691,0.035915,0.118029,-0.006940,0.123567,0.035234,0.119352,-0.007349,0.124661,1.484576,0.273530,-0.622222,0.000075,-0.675292,-1.357677,0.017889,0.088139,0.157951,0.000000,0.072857,0.016137,-0.077420,-0.103460,0.281121,-0.056672,-0.050368,0.027840,2.0000,2.0000,1.0000,0.0000,3.0000,16.7918,20.8994,46.9577,-8.7170,13.8327,,,
1786589940053608159,2026-08-13T09:59:00.053631,ground_truth,0.114296,0.407000,0.103391,True,,,,,,,,,-0.099347,0.595585,0.430691,-0.098051,0.599007,0.430444,-0.098051,0.599007,0.430444,0.040786,0.107682,-0.007787,0.115410,0.035234,0.119352,-0.007349,0.124661,1.484576,0.273530,-0.622222,0.000075,-0.675292,-1.357677,0.017889,0.088139,0.157951,0.000000,0.072857,0.016137,-0.077420,-0.103460,0.281121,-0.056672,-0.050368,0.027840,2.0000,2.0000,1.0000,0.0000,3.0000,16.4730,20.1977,48.0551,-7.6770,14.6778,,,
1786589940087250908,2026-08-13T09:59:00.087268,ground_truth,0.110249,0.424000,0.103254,True,,,,,,,,,-0.096773,0.602624,0.430199,-0.096773,0.602624,0.430199,-0.096773,0.602624,0.430199,0.036615,0.103688,-0.007015,0.110186,0.038571,0.105504,-0.007377,0.112575,1.481375,0.287015,-0.597419,0.000075,-0.687020,-1.354271,0.026174,0.094679,0.182383,0.000000,0.089005,0.027045,-0.107800,-0.096040,0.307266,-0.056832,-0.052000,0.031744,1.0000,2.0000,1.0000,0.0000,2.0000,16.2333,19.5908,48.7655,-7.5861,14.1080,,,
1786589940131905017,2026-08-13T09:59:00.131925,ground_truth,0.109926,0.430000,0.103206,True,,,,,,,,,-0.096773,0.602624,0.430199,-0.095277,0.606548,0.429953,-0.095277,0.606548,0.429953,0.044647,0.117073,-0.007344,0.125512,0.038571,0.105504,-0.007377,0.112575,1.479807,0.292556,-0.586905,0.000075,-0.691979,-1.352644,0.026174,0.099919,0.189365,0.000000,0.089005,0.029665,-0.090440,-0.097860,0.300045,-0.054944,-0.056320,0.033856,1.0000,2.0000,1.0000,0.0000,2.0000,16.1435,19.3396,49.2673,-7.2577,13.7210,,,
1786589940164799987,2026-08-13T09:59:00.164830,ground_truth,0.107146,0.424000,0.103254,True,,,,,,,,,-0.093789,0.610533,0.429708,-0.093789,0.610533,0.429708,-0.093789,0.610533,0.429708,0.033074,0.088564,-0.005441,0.094695,0.044852,0.118855,-0.007378,0.127251,1.479153,0.294993,-0.582385,0.000075,-0.694070,-1.351964,0.026174,0.102970,0.188056,0.000000,0.085954,0.029665,-0.071260,-0.098560,0.295563,-0.054336,-0.049760,0.033792,1.0000,2.0000,1.0000,0.0000,2.0000,15.8022,18.8719,49.6349,-8.3531,13.3584,,,
1786589940196660609,2026-08-13T09:59:00.196677,ground_truth,0.103740,0.430000,0.103206,True,,,,,,,,,-0.093789,0.610533,0.429708,-0.092328,0.614156,0.429467,-0.092328,0.614156,0.429467,0.044497,0.110386,-0.007360,0.119244,0.044852,0.118855,-0.007378,0.127251,1.478415,0.297894,-0.577121,0.000075,-0.696409,-1.351188,0.026174,0.104283,0.188056,0.000000,0.081158,0.027045,-0.089180,-0.095480,0.310171,-0.054432,-0.052000,0.032224,1.0000,2.0000,1.0000,0.0000,2.0000,15.5501,18.1394,50.6063,-7.8008,13.3845,,,
1786589940229895823,2026-08-13T09:59:00.229914,ground_truth,0.103740,0.430000,0.103206,True,,,,,,,,,-0.090587,0.618028,0.429213,-0.090587,0.618028,0.429213,-0.090587,0.618028,0.429213,0.054566,0.121293,-0.007934,0.133238,0.048020,0.112390,-0.007420,0.122444,1.477474,0.301788,-0.570199,0.000075,-0.699492,-1.350207,0.027487,0.110823,0.197216,0.000000,0.089005,0.027045,-0.106820,-0.093800,0.307266,-0.055616,-0.054720,0.031168,1.0000,2.0000,1.0000,0.0000,2.0000,15.0162,17.4030,52.1873,-9.5382,13.8717,,,
1786589940256933260,2026-08-13T09:59:00.256953,ground_truth,0.099570,0.452000,0.099965,True,,,,,,,,,-0.090587,0.618028,0.429213,-0.088899,0.621949,0.428969,-0.088899,0.621949,0.428969,0.051286,0.119143,-0.007439,0.129926,0.048020,0.112390,-0.007420,0.122444,1.476572,0.305512,-0.563656,0.000075,-0.702521,-1.349313,0.029669,0.120859,0.210310,0.000000,0.099482,0.027045,-0.095060,-0.097300,0.319799,-0.055936,-0.050880,0.030112,1.0000,2.0000,1.0000,0.0000,2.0000,14.5067,16.6502,53.1031,-10.3784,14.1012,,,
1786589940285819483,2026-08-13T09:59:00.285836,ground_truth,0.099815,0.447000,0.099997,True,,,,,,,,,-0.086958,0.625879,0.428512,-0.086958,0.625879,0.428512,-0.086958,0.625879,0.428512,0.071358,0.144519,-0.016800,0.162049,0.054577,0.118093,-0.010555,0.130522,1.476213,0.306982,-0.561091,0.000075,-0.703739,-1.348968,0.029669,0.123917,0.215544,0.000000,0.102091,0.029665,-0.095760,-0.092680,0.320214,-0.055936,-0.051104,0.030944,1.0000,2.0000,1.0000,0.0000,2.0000,13.9149,15.3586,54.6032,-10.9364,13.2854,,,
1786589940318803675,2026-08-13T09:59:00.318828,ground_truth,0.096230,0.458000,0.099927,True,,,,,,,,,-0.086958,0.625879,0.428512,-0.085270,0.630399,0.428061,-0.085270,0.630399,0.428061,0.059614,0.159577,-0.015922,0.171091,0.054577,0.118093,-0.010555,0.130522,1.476213,0.306982,-0.561091,0.000075,-0.703739,-1.348968,0.029669,0.123917,0.215544,0.000000,0.102091,0.029665,-0.095760,-0.092680,0.320214,-0.055936,-0.051104,0.030944,1.0000,2.0000,1.0000,0.0000,2.0000,14.0745,15.3992,54.2179,-10.5587,13.5603,,,
1786589940355826112,2026-08-13T09:59:00.355861,ground_truth,0.096230,0.458000,0.099927,True,,,,,,,,,-0.083366,0.634983,0.427609,-0.083366,0.634983,0.427609,-0.083366,0.634983,0.427609,0.057242,0.137868,-0.013587,0.149896,0.053605,0.135870,-0.013473,0.146682,1.476213,0.306982,-0.561091,0.000075,-0.703739,-1.348968,0.029669,0.123917,0.215544,0.000000,0.102091,0.029665,-0.095760,-0.092680,0.320214,-0.055936,-0.051104,0.030944,1.0000,2.0000,1.0000,0.0000,2.0000,14.2314,15.3511,54.2484,-10.0496,12.6454,,,
1786589940388987471,2026-08-13T09:59:00.389008,ground_truth,0.095710,0.469000,0.099856,True,,,,,,,,,-0.083366,0.634983,0.427609,-0.081463,0.639580,0.427157,-0.081463,0.639580,0.427157,0.051492,0.124369,-0.012222,0.135161,0.053605,0.135870,-0.013473,0.146682,1.475730,0.309008,-0.557574,0.000075,-0.705410,-1.348504,0.029669,0.129150,0.222964,0.000000,0.105152,0.029665,-0.098560,-0.085820,0.327020,-0.055936,-0.051264,0.031744,1.0000,2.0000,1.0000,0.0000,2.0000,14.0242,14.8672,54.4777,-10.2934,13.0681,,,
1786589940420527001,2026-08-13T09:59:00.420545,ground_truth,0.092179,0.480000,0.099786,True,,,,,,,,,-0.079736,0.644179,0.426701,-0.079736,0.644179,0.426701,-0.079736,0.644179,0.426701,0.051210,0.136371,-0.013533,0.146297,0.054674,0.138497,-0.013677,0.149525,1.471907,0.325982,-0.528369,0.000075,-0.718302,-1.344775,0.032720,0.150097,0.254816,0.000000,0.105152,0.032284,-0.106820,-0.104720,0.325360,-0.054208,-0.053664,0.034560,1.0000,2.0000,1.0000,0.0000,2.0000,14.3445,14.8941,53.9149,-9.8275,12.9984,,,
1786589940460767498,2026-08-13T09:59:00.460802,ground_truth,0.092407,0.475000,0.099818,True,,,,,,,,,-0.079736,0.644179,0.426701,-0.077821,0.649366,0.426247,-0.077821,0.649366,0.426247,0.061468,0.166437,-0.014549,0.178021,0.054674,0.138497,-0.013677,0.149525,1.470855,0.330823,-0.520131,0.000075,-0.721719,-1.343751,0.032720,0.151841,0.256563,0.000000,0.105152,0.029665,-0.106260,-0.104440,0.323451,-0.052224,-0.050496,0.038080,1.0000,2.0000,1.0000,0.0000,2.0000,14.7156,14.7161,53.8589,-8.3514,13.2221,,,
1786589940494871946,2026-08-13T09:59:00.494899,ground_truth,0.089168,0.480000,0.099786,True,,,,,,,,,-0.076130,0.654349,0.426006,-0.076130,0.654349,0.426006,-0.076130,0.654349,0.426006,0.042009,0.123825,-0.005998,0.130894,0.054241,0.152969,-0.010450,0.162638,1.470855,0.330823,-0.520131,0.000075,-0.721719,-1.343751,0.032720,0.151841,0.256563,0.000000,0.105152,0.029665,-0.106260,-0.104440,0.323451,-0.052224,-0.050496,0.038080,1.0000,2.0000,1.0000,0.0000,2.0000,15.2722,14.9324,53.5675,-6.4613,13.9956,,,
1786589940523723527,2026-08-13T09:59:00.523742,ground_truth,0.088949,0.485000,0.099754,True,,,,,,,,,-0.076130,0.654349,0.426006,-0.074432,0.659560,0.425762,-0.074432,0.659560,0.425762,0.050761,0.155810,-0.007284,0.164032,0.054241,0.152969,-0.010450,0.162638,1.470855,0.330823,-0.520131,0.000075,-0.721719,-1.343751,0.032720,0.151841,0.256563,0.000000,0.105152,0.029665,-0.106260,-0.104440,0.323451,-0.052224,-0.050496,0.038080,1.0000,2.0000,1.0000,0.0000,2.0000,15.6897,14.8415,52.6616,-4.8715,13.4091,,,
1786589940553698573,2026-08-13T09:59:00.553716,ground_truth,0.088465,0.496000,0.099683,True,,,,,,,,,-0.072761,0.664815,0.425523,-0.072761,0.664815,0.425523,-0.072761,0.664815,0.425523,0.057306,0.180194,-0.008222,0.189266,0.050283,0.156212,-0.007215,0.164264,1.470855,0.330823,-0.520131,0.000075,-0.721719,-1.343751,0.032720,0.151841,0.256563,0.000000,0.105152,0.029665,-0.106260,-0.104440,0.323451,-0.052224,-0.050496,0.038080,1.0000,2.0000,1.0000,0.0000,2.0000,15.9103,14.9424,53.3362,-4.7144,13.6529,,,
1786589940587631320,2026-08-13T09:59:00.587655,ground_truth,0.087982,0.507000,0.099613,True,,,,,,,,,-0.072761,0.664815,0.425523,-0.071039,0.670026,0.425275,-0.071039,0.670026,0.425275,0.058019,0.175569,-0.008327,0.185095,0.050283,0.156212,-0.007215,0.164264,1.470855,0.330823,-0.520131,0.000075,-0.721719,-1.343751,0.032720,0.151841,0.256563,0.000000,0.105152,0.029665,-0.106260,-0.104440,0.323451,-0.052224,-0.050496,0.038080,1.0000,2.0000,1.0000,0.0000,2.0000,15.5068,14.4221,54.0383,-6.5109,13.6370,,,
1786589940618260522,2026-08-13T09:59:00.618275,ground_truth,0.088685,0.491000,0.099715,True,,,,,,,,,-0.069554,0.675548,0.425033,-0.069554,0.675548,0.425033,-0.069554,0.675548,0.425033,0.042548,0.158271,-0.006957,0.164038,0.048215,0.161386,-0.007366,0.168596,1.464949,0.354194,-0.481148,0.000075,-0.736379,-1.337962,0.037523,0.127406,0.202889,0.000000,0.075046,0.035335,-0.116480,-0.142800,0.305938,-0.044096,-0.050944,0.035680,1.0000,2.0000,1.0000,0.0000,2.0000,15.4724,14.1201,54.5294,-7.2468,13.4493,,,
1786589940652594498,2026-08-13T09:59:00.652611,ground_truth,0.087278,0.523000,0.099510,True,,,,,,,,,-0.069554,0.675548,0.425033,-0.068138,0.680493,0.424800,-0.068138,0.680493,0.424800,0.046924,0.163840,-0.007710,0.170601,0.048215,0.161386,-0.007366,0.168596,1.463335,0.359264,-0.473081,0.000075,-0.739322,-1.336378,0.044069,0.127406,0.200711,0.000000,0.072857,0.040573,-0.114380,-0.144760,0.308843,-0.043200,-0.046368,0.037856,1.0000,2.0000,1.0000,0.0000,2.0000,15.6105,14.2606,54.5549,-7.6142,13.1140,,,
1786589940686323811,2026-08-13T09:59:00.686349,ground_truth,0.084804,0.512000,0.099581,True,,,,,,,,,-0.066814,0.685908,0.424550,-0.066814,0.685908,0.424550,-0.066814,0.685908,0.424550,0.038581,0.157745,-0.007269,0.162557,0.040996,0.154973,-0.007214,0.160466,1.463335,0.359264,-0.473081,0.000075,-0.739322,-1.336378,0.044069,0.127406,0.200711,0.000000,0.072857,0.040573,-0.114380,-0.144760,0.308843,-0.043200,-0.046368,0.037856,1.0000,2.0000,1.0000,0.0000,2.0000,16.1136,14.7754,54.2793,-7.9421,12.8630,,,
1786589940719771669,2026-08-13T09:59:00.719804,ground_truth,0.084338,0.523000,0.099510,True,,,,,,,,,-0.066814,0.685908,0.424550,-0.065551,0.691365,0.424309,-0.065551,0.691365,0.424309,0.037511,0.162134,-0.007180,0.166572,0.040996,0.154973,-0.007214,0.160466,1.463335,0.359264,-0.473081,0.000075,-0.739322,-1.336378,0.044069,0.127406,0.200711,0.000000,0.072857,0.040573,-0.114380,-0.144760,0.308843,-0.043200,-0.046368,0.037856,1.0000,2.0000,1.0000,0.0000,2.0000,16.1964,14.9545,54.0623,-8.5114,12.2931,,,
1786589940752930994,2026-08-13T09:59:00.752947,ground_truth,0.084338,0.523000,0.099510,True,,,,,,,,,-0.064258,0.697416,0.424063,-0.064258,0.697416,0.424063,-0.064258,0.697416,0.424063,0.038315,0.179256,-0.007297,0.183451,0.038364,0.172734,-0.007325,0.177094,1.463335,0.359264,-0.473081,0.000075,-0.739322,-1.336378,0.044069,0.127406,0.200711,0.000000,0.072857,0.040573,-0.114380,-0.144760,0.308843,-0.043200,-0.046368,0.037856,1.0000,2.0000,1.0000,0.0000,2.0000,16.5916,15.0434,52.5764,-6.8554,12.0431,,,
1786589940786088414,2026-08-13T09:59:00.786107,ground_truth,0.080992,0.533000,0.099446,True,,,,,,,,,-0.064258,0.697416,0.424063,-0.063242,0.703586,0.424032,-0.063242,0.703586,0.424032,0.030971,0.188187,-0.000925,0.190721,0.038364,0.172734,-0.007325,0.177094,1.463335,0.359264,-0.473081,0.000075,-0.739322,-1.336378,0.044069,0.127406,0.200711,0.000000,0.072857,0.040573,-0.114380,-0.144760,0.308843,-0.043200,-0.046368,0.037856,1.0000,2.0000,1.0000,0.0000,2.0000,16.9301,15.4390,51.5503,-7.2221,12.6376,,,
1786589940823960294,2026-08-13T09:59:00.823977,ground_truth,0.077873,0.538000,0.099414,True,,,,,,,,,-0.061988,0.708874,0.423995,-0.061988,0.708874,0.423995,-0.061988,0.708874,0.423995,0.037859,0.159518,-0.001108,0.163952,0.034078,0.171979,-0.001007,0.175326,1.462623,0.361296,-0.469869,0.000075,-0.740486,-1.335677,0.045814,0.125661,0.200711,0.000000,0.072857,0.045812,-0.110040,-0.154560,0.303697,-0.043040,-0.047424,0.036288,1.0000,2.0000,1.0000,0.0000,2.0000,17.8508,16.7365,49.7442,-9.2199,13.5478,,,
1786589940862963299,2026-08-13T09:59:00.862989,ground_truth,0.074771,0.543000,0.099382,True,,,,,,,,,-0.061988,0.708874,0.423995,-0.060764,0.714251,0.423961,-0.060764,0.714251,0.423961,0.032434,0.142518,-0.000906,0.146165,0.034078,0.171979,-0.001007,0.175326,1.462623,0.361296,-0.469869,0.000075,-0.740486,-1.335677,0.045814,0.125661,0.200711,0.000000,0.072857,0.045812,-0.110040,-0.154560,0.303697,-0.043040,-0.047424,0.036288,1.0000,2.0000,1.0000,0.0000,2.0000,19.1017,18.5092,50.0094,-8.2539,14.1819,,,
1786589940894532586,2026-08-13T09:59:00.894550,ground_truth,0.074958,0.538000,0.099414,True,,,,,,,,,-0.059333,0.719593,0.423925,-0.059333,0.719593,0.423925,-0.059333,0.719593,0.423925,0.036265,0.135421,-0.000920,0.140196,0.039847,0.160920,-0.001058,0.165784,1.462623,0.361296,-0.469869,0.000075,-0.740486,-1.335677,0.045814,0.125661,0.200711,0.000000,0.072857,0.045812,-0.110040,-0.154560,0.303697,-0.043040,-0.047424,0.036288,1.0000,2.0000,1.0000,0.0000,2.0000,19.6171,19.5018,49.9348,-9.8398,12.5310,,,
1786589940931258203,2026-08-13T09:59:00.931276,ground_truth,0.071507,0.553000,0.099318,True,,,,,,,,,-0.059333,0.719593,0.423925,-0.057950,0.724928,0.423895,-0.057950,0.724928,0.423895,0.044765,0.172626,-0.000954,0.178338,0.039847,0.160920,-0.001058,0.165784,1.454835,0.380845,-0.439088,0.000075,-0.751437,-1.327754,0.055412,0.132639,0.208124,0.000000,0.069807,0.056279,-0.128940,-0.152740,0.314155,-0.038400,-0.047264,0.037472,2.0000,2.0000,1.0000,0.0000,3.0000,20.5269,20.4606,49.0156,-9.6906,12.5052,,,
1786589940960891086,2026-08-13T09:59:00.960912,ground_truth,0.068616,0.553000,0.099318,True,,,,,,,,,-0.056572,0.729942,0.423864,-0.056572,0.729942,0.423864,-0.056572,0.729942,0.423864,0.036915,0.134296,-0.000835,0.139279,0.041485,0.155457,-0.000911,0.160899,1.446485,0.400733,-0.408076,0.000086,-0.762702,-1.319379,0.057156,0.151841,0.239544,0.000000,0.086386,0.059340,-0.120820,-0.127960,0.330838,-0.035072,-0.052224,0.038304,2.0000,2.0000,1.0000,0.0000,3.0000,21.2160,22.2247,50.5106,-11.9083,12.2485,,,
1786589940999224447,2026-08-13T09:59:00.999248,ground_truth,0.068446,0.558000,0.099286,True,,,,,,,,,-0.056572,0.729942,0.423864,-0.054985,0.735105,0.423831,-0.054985,0.735105,0.423831,0.054310,0.176782,-0.001141,0.184939,0.041485,0.155457,-0.000911,0.160899,1.444185,0.407025,-0.398135,0.000086,-0.766216,-1.317061,0.057156,0.161877,0.254816,0.000000,0.089005,0.056721,-0.123900,-0.141960,0.345778,-0.034176,-0.048992,0.040032,2.0000,2.0000,1.0000,0.0000,3.0000,21.6459,22.9910,49.0486,-12.8388,12.4909,,,
1786589941025377699,2026-08-13T09:59:01.025396,ground_truth,0.065726,0.553000,0.099318,True,,,,,,,,,-0.053604,0.740031,0.423798,-0.053604,0.740031,0.423798,-0.053604,0.740031,0.423798,0.035807,0.127673,-0.000864,0.132602,0.044474,0.151194,-0.000999,0.157603,1.442820,0.410971,-0.391853,0.000086,-0.768426,-1.315714,0.057156,0.166673,0.265723,0.000000,0.096863,0.056721,-0.122080,-0.135380,0.334822,-0.032960,-0.049984,0.036736,2.0000,2.0000,1.0000,0.0000,3.0000,21.4923,23.5017,49.1925,-15.1324,12.8177,,,
1786589941055741111,2026-08-13T09:59:01.055760,ground_truth,0.065402,0.563000,0.099254,True,,,,,,,,,-0.053604,0.740031,0.423798,-0.052056,0.744909,0.423769,-0.052056,0.744909,0.423769,0.060062,0.189261,-0.001127,0.198566,0.044474,0.151194,-0.000999,0.157603,1.441049,0.416375,-0.383116,0.000086,-0.771757,-1.313957,0.053667,0.170168,0.277069,0.000000,0.110391,0.054101,-0.108780,-0.132300,0.354742,-0.031744,-0.054784,0.034848,2.0000,2.0000,1.0000,0.0000,3.0000,21.9660,24.1945,48.6602,-15.6521,13.7874,,,
1786589941085838518,2026-08-13T09:59:01.085857,ground_truth,0.062528,0.563000,0.096375,True,,,,,,,,,-0.050518,0.749778,0.423740,-0.050518,0.749778,0.423740,-0.050518,0.749778,0.423740,0.049651,0.157231,-0.000924,0.164887,0.046436,0.146688,-0.000868,0.153865,1.439011,0.423281,-0.371763,0.000086,-0.776359,-1.311887,0.050609,0.174533,0.287977,0.000000,0.116061,0.051482,-0.126140,-0.156520,0.340964,-0.029504,-0.050592,0.033728,2.0000,2.0000,1.0000,0.0000,3.0000,22.3584,25.0207,47.8842,-16.4049,13.6615,,,
1786589941120017901,2026-08-13T09:59:01.120035,ground_truth,0.059508,0.568000,0.096351,True,,,,,,,,,-0.050518,0.749778,0.423740,-0.048821,0.754325,0.423524,-0.048821,0.754325,0.423524,0.056215,0.150637,-0.007152,0.160943,0.046436,0.146688,-0.000868,0.153865,1.439011,0.423281,-0.371763,0.000086,-0.776359,-1.311887,0.050609,0.174533,0.287977,0.000000,0.116061,0.051482,-0.126140,-0.156520,0.340964,-0.029504,-0.050592,0.033728,2.0000,2.0000,1.0000,0.0000,3.0000,22.8825,25.6539,47.6466,-15.9240,13.9162,,,
1786589941153496325,2026-08-13T09:59:01.153520,ground_truth,0.059508,0.568000,0.096351,True,,,,,,,,,-0.046876,0.758808,0.423300,-0.046876,0.758808,0.423300,-0.046876,0.758808,0.423300,0.057686,0.132943,-0.006652,0.145072,0.054482,0.135081,-0.006585,0.145803,1.439011,0.423281,-0.371763,0.000086,-0.776359,-1.311887,0.050609,0.174533,0.287977,0.000000,0.116061,0.051482,-0.126140,-0.156520,0.340964,-0.029504,-0.050592,0.033728,2.0000,2.0000,1.0000,0.0000,3.0000,23.1074,26.0862,46.9947,-15.4450,13.7962,,,
1786589941186114159,2026-08-13T09:59:01.186131,ground_truth,0.059217,0.578000,0.096303,True,,,,,,,,,-0.046876,0.758808,0.423300,-0.045025,0.762958,0.423089,-0.045025,0.762958,0.423089,0.054927,0.123121,-0.006249,0.134962,0.054482,0.135081,-0.006585,0.145803,1.439011,0.423281,-0.371763,0.000086,-0.776359,-1.311887,0.050609,0.174533,0.287977,0.000000,0.116061,0.051482,-0.126140,-0.156520,0.340964,-0.029504,-0.050592,0.033728,2.0000,2.0000,1.0000,0.0000,3.0000,23.2230,26.4643,46.7614,-14.6920,13.5632,,,
1786589941225662918,2026-08-13T09:59:01.225685,ground_truth,0.059071,0.583000,0.093433,True,,,,,,,,,-0.043319,0.766775,0.422871,-0.043319,0.766775,0.422871,-0.043319,0.766775,0.422871,0.052681,0.117873,-0.006748,0.129287,0.053149,0.119033,-0.006412,0.130518,1.439011,0.423281,-0.371763,0.000086,-0.776359,-1.311887,0.050609,0.174533,0.287977,0.000000,0.116061,0.051482,-0.126140,-0.156520,0.340964,-0.029504,-0.050592,0.033728,2.0000,2.0000,1.0000,0.0000,3.0000,23.5921,27.1557,46.3964,-15.7276,13.9619,,,
1786589941252914645,2026-08-13T09:59:01.252932,ground_truth,0.058955,0.587000,0.093421,True,,,,,,,,,-0.043319,0.766775,0.422871,-0.041635,0.770471,0.422466,-0.041635,0.770471,0.422466,0.042740,0.093795,-0.010280,0.103585,0.053149,0.119033,-0.006412,0.130518,1.439011,0.423281,-0.371763,0.000086,-0.776359,-1.311887,0.050609,0.174533,0.287977,0.000000,0.116061,0.051482,-0.126140,-0.156520,0.340964,-0.029504,-0.050592,0.033728,2.0000,2.0000,1.0000,0.0000,3.0000,23.6599,27.0893,46.5428,-13.3579,12.8837,,,
1786589941292203720,2026-08-13T09:59:01.292232,ground_truth,0.055846,0.597000,0.093389,True,,,,,,,,,-0.039942,0.774411,0.422060,-0.039942,0.774411,0.422060,-0.039942,0.774411,0.422060,0.061510,0.143189,-0.014757,0.156538,0.050658,0.114558,-0.012169,0.125848,1.431588,0.457086,-0.313635,0.000097,-0.800656,-1.304449,0.026174,0.179328,0.321576,0.000000,0.148345,0.027045,-0.106260,-0.160580,0.343537,-0.023488,-0.057120,0.032960,2.0000,2.0000,1.0000,0.0000,3.0000,23.5589,27.1368,46.7824,-13.9601,12.8936,,,
1786589941323993851,2026-08-13T09:59:01.324014,ground_truth,0.056230,0.583000,0.093433,True,,,,,,,,,-0.039942,0.774411,0.422060,-0.038266,0.778612,0.421656,-0.038266,0.778612,0.421656,0.041876,0.104944,-0.010086,0.113439,0.050658,0.114558,-0.012169,0.125848,1.430314,0.465743,-0.298289,0.000097,-0.807328,-1.303242,0.024429,0.181073,0.321576,0.000000,0.134817,0.024426,-0.100940,-0.185920,0.346442,-0.024064,-0.060736,0.032000,2.0000,2.0000,1.0000,0.0000,3.0000,23.8230,27.6854,47.7561,-10.7785,11.8085,,,
1786589941355198586,2026-08-13T09:59:01.355216,ground_truth,0.055846,0.597000,0.090566,True,,,,,,,,,-0.036823,0.782332,0.421257,-0.036823,0.782332,0.421257,-0.036823,0.782332,0.421257,0.046155,0.119006,-0.012756,0.128279,0.047182,0.119821,-0.012139,0.129347,1.429772,0.470074,-0.290542,0.000097,-0.810702,-1.302692,0.022685,0.179328,0.325063,0.000000,0.143106,0.021807,-0.113680,-0.169260,0.369184,-0.024064,-0.058624,0.033728,2.0000,2.0000,1.0000,0.0000,3.0000,23.6662,27.2778,47.7029,-11.3884,11.8646,,,
1786589941390621020,2026-08-13T09:59:01.390636,ground_truth,0.056120,0.587000,0.090581,True,,,,,,,,,-0.036823,0.782332,0.421257,-0.035561,0.786223,0.420669,-0.035561,0.786223,0.420669,0.040572,0.125113,-0.018900,0.132878,0.047182,0.119821,-0.012139,0.129347,1.428995,0.476595,-0.278661,0.000108,-0.816113,-1.301938,0.021378,0.182817,0.332915,0.000000,0.156203,0.021375,-0.118300,-0.177520,0.370346,-0.023936,-0.060448,0.034304,2.0000,2.0000,1.0000,0.0000,3.0000,24.0159,27.0506,46.6107,-9.8167,11.1713,,,
1786589941420664225,2026-08-13T09:59:01.420682,ground_truth,0.055708,0.602000,0.090559,True,,,,,,,,,-0.034306,0.789614,0.420080,-0.034306,0.789614,0.420080,-0.034306,0.789614,0.420080,0.035479,0.095813,-0.016637,0.103517,0.037587,0.108725,-0.017568,0.116372,1.428459,0.480960,-0.270556,0.000108,-0.819908,-1.301453,0.023122,0.181511,0.339896,0.000000,0.158823,0.018756,-0.117460,-0.148400,0.354244,-0.022880,-0.063008,0.035136,2.0000,2.0000,1.0000,0.0000,3.0000,24.0367,27.1334,45.9392,-10.1548,10.6711,,,
1786589941456443849,2026-08-13T09:59:01.456458,ground_truth,0.055324,0.616000,0.090539,True,,,,,,,,,-0.034306,0.789614,0.420080,-0.033252,0.793173,0.419496,-0.033252,0.793173,0.419496,0.035366,0.119482,-0.019608,0.126140,0.037587,0.108725,-0.017568,0.116372,1.427616,0.487526,-0.258340,0.000108,-0.825718,-1.300709,0.023122,0.182817,0.338156,0.000000,0.161873,0.021375,-0.110320,-0.190960,0.360718,-0.021504,-0.061504,0.035360,2.0000,2.0000,1.0000,0.0000,3.0000,24.1943,27.8708,46.0864,-11.3315,11.6985,,,
1786589941487487156,2026-08-13T09:59:01.487504,ground_truth,0.055324,0.616000,0.087747,True,,,,,,,,,-0.032366,0.796498,0.418911,-0.032366,0.796498,0.418911,-0.032366,0.796498,0.418911,0.024552,0.092122,-0.016217,0.096707,0.029159,0.103491,-0.017580,0.108948,1.426982,0.492615,-0.248905,0.000108,-0.830224,-1.300084,0.023122,0.181073,0.334231,0.000000,0.159254,0.021375,-0.110600,-0.213500,0.359722,-0.020320,-0.057216,0.035680,2.0000,2.0000,1.0000,0.0000,3.0000,24.2515,27.8821,46.2197,-10.6533,11.5427,,,
1786589941520045334,2026-08-13T09:59:01.520063,ground_truth,0.055077,0.625000,0.087748,True,,,,,,,,,-0.032366,0.796498,0.418911,-0.031491,0.800523,0.418142,-0.031491,0.800523,0.418142,0.028348,0.130427,-0.024929,0.135780,0.029159,0.103491,-0.017580,0.108948,1.425852,0.500390,-0.234407,0.000108,-0.836907,-1.298962,0.027925,0.174533,0.326810,0.000000,0.148345,0.027045,-0.097300,-0.215040,0.357481,-0.020928,-0.057504,0.035840,2.0000,2.0000,1.0000,0.0000,3.0000,24.4467,27.8538,45.7396,-8.6770,10.9764,,,
1786589941560504659,2026-08-13T09:59:01.560527,ground_truth,0.055324,0.616000,0.087747,True,,,,,,,,,-0.030781,0.804688,0.417370,-0.030781,0.804688,0.417370,-0.030781,0.804688,0.417370,0.021620,0.126837,-0.023489,0.130793,0.023692,0.122436,-0.023032,0.126817,1.425101,0.505199,-0.225343,0.000119,-0.841121,-1.298186,0.026174,0.171475,0.323316,0.000000,0.150964,0.029234,-0.107800,-0.212660,0.365864,-0.022112,-0.057056,0.034240,2.0000,2.0000,1.0000,0.0000,3.0000,24.6731,28.4842,46.1840,-9.0087,11.5201,,,
1786589941594354172,2026-08-13T09:59:01.594369,ground_truth,0.054939,0.630000,0.087749,True,,,,,,,,,-0.030781,0.804688,0.417370,-0.030110,0.808614,0.416603,-0.030110,0.808614,0.416603,0.016707,0.097638,-0.019078,0.100877,0.023692,0.122436,-0.023032,0.126817,1.423859,0.512648,-0.211172,0.000119,-0.847912,-1.296914,0.029231,0.168424,0.319829,0.000000,0.153584,0.029665,-0.118300,-0.196140,0.367773,-0.020160,-0.053600,0.031904,3.0000,2.0000,1.0000,0.0000,3.0000,25.1909,29.1679,45.6344,-8.7253,12.0075,,,
1786589941636934040,2026-08-13T09:59:01.636946,ground_truth,0.055186,0.621000,0.087748,True,,,,,,,,,-0.029604,0.812706,0.416028,-0.029604,0.812706,0.416028,-0.029604,0.812706,0.416028,0.014866,0.120242,-0.016897,0.122330,0.017670,0.120300,-0.020137,0.123247,1.422278,0.521324,-0.194882,0.000119,-0.855426,-1.295211,0.034034,0.163184,0.306736,0.000000,0.134817,0.034903,-0.124880,-0.235900,0.339636,-0.019872,-0.054560,0.035968,3.0000,2.0000,1.0000,0.0000,3.0000,25.4353,29.4450,44.8728,-9.1440,12.6537,,,
1786589941673993406,2026-08-13T09:59:01.674009,ground_truth,0.054829,0.634000,0.087750,True,,,,,,,,,-0.029604,0.812706,0.416028,-0.029316,0.816618,0.415455,-0.029316,0.816618,0.415455,0.006699,0.090949,-0.013335,0.092165,0.017670,0.120300,-0.020137,0.123247,1.421742,0.523918,-0.190041,0.000119,-0.857538,-1.294629,0.032720,0.161439,0.299323,0.000000,0.132208,0.035335,-0.135100,-0.237720,0.357813,-0.019872,-0.056832,0.035456,3.0000,2.0000,1.0000,0.0000,3.0000,25.6682,29.6292,45.6579,-8.4701,12.4780,,,
1786589941708434198,2026-08-13T09:59:01.708455,ground_truth,0.054445,0.648000,0.087753,True,,,,,,,,,-0.029316,0.816618,0.415455,-0.029004,0.820707,0.414881,-0.029004,0.820707,0.414881,0.008405,0.110190,-0.015451,0.111585,0.004344,0.058975,-0.008647,0.059764,1.421742,0.523918,-0.190041,0.000119,-0.857538,-1.294629,0.032720,0.161439,0.299323,0.000000,0.132208,0.035335,-0.135100,-0.237720,0.357813,-0.019872,-0.056832,0.035456,3.0000,2.0000,1.0000,0.0000,3.0000,25.8333,29.7580,45.2058,-8.2362,12.6553,,,
1786589941738944911,2026-08-13T09:59:01.738962,ground_truth,0.054692,0.639000,0.087751,True,,,,,,,,,-0.029316,0.816618,0.415455,-0.028685,0.825044,0.414311,-0.028685,0.825044,0.414311,0.009319,0.127068,-0.016698,0.128498,0.004344,0.058975,-0.008647,0.059764,1.421742,0.523918,-0.190041,0.000119,-0.857538,-1.294629,0.032720,0.161439,0.299323,0.000000,0.132208,0.035335,-0.135100,-0.237720,0.357813,-0.019872,-0.056832,0.035456,3.0000,2.0000,1.0000,0.0000,3.0000,25.8863,29.7876,46.0702,-7.8998,13.2341,,,
1786589941772704529,2026-08-13T09:59:01.772725,ground_truth,0.054829,0.634000,0.090512,True,,,,,,,,,-0.028394,0.829165,0.413933,-0.028394,0.829165,0.413933,-0.028394,0.829165,0.413933,0.009552,0.134830,-0.012393,0.135735,0.013813,0.187981,-0.022804,0.189862,1.421742,0.523918,-0.190041,0.000119,-0.857538,-1.294629,0.032720,0.161439,0.299323,0.000000,0.132208,0.035335,-0.135100,-0.237720,0.357813,-0.019872,-0.056832,0.035456,3.0000,2.0000,1.0000,0.0000,3.0000,26.2621,30.1576,45.8694,-7.3602,13.1544,,,
1786589941803385129,2026-08-13T09:59:01.803400,ground_truth,0.051840,0.643000,0.090499,True,,,,,,,,,-0.028394,0.829165,0.413933,-0.028119,0.832976,0.413739,-0.028119,0.832976,0.413739,0.008279,0.114707,-0.005836,0.115154,0.013813,0.187981,-0.022804,0.189862,1.421056,0.527106,-0.184123,0.000119,-0.860136,-1.293864,0.034034,0.158388,0.293650,0.000000,0.131766,0.040573,-0.121520,-0.239540,0.356485,-0.019872,-0.057824,0.035296,3.0000,2.0000,1.0000,0.0000,3.0000,26.3111,30.1589,46.1020,-6.7133,12.7527,,,
1786589941834875405,2026-08-13T09:59:01.834890,ground_truth,0.051608,0.652000,0.090486,True,,,,,,,,,-0.027851,0.836512,0.413546,-0.027851,0.836512,0.413546,-0.027851,0.836512,0.413546,0.008543,0.113109,-0.006164,0.113598,0.008152,0.110471,-0.005813,0.110923,1.415176,0.549255,-0.143736,0.000129,-0.878687,-1.287730,0.040574,0.143988,0.256563,0.000000,0.113000,0.043193,-0.116200,-0.259140,0.336980,-0.020768,-0.054272,0.034400,3.0000,2.0000,1.0000,0.0000,3.0000,26.7478,30.4911,45.3123,-6.0987,12.6380,,,
1786589941867986661,2026-08-13T09:59:01.868006,ground_truth,0.048880,0.652000,0.090486,True,,,,,,,,,-0.027851,0.836512,0.413546,-0.027543,0.840205,0.413350,-0.027543,0.840205,0.413350,0.009931,0.119037,-0.006331,0.119618,0.008152,0.110471,-0.005813,0.110923,1.413686,0.554358,-0.134672,0.000129,-0.882643,-1.286264,0.041012,0.140492,0.249143,0.000000,0.107772,0.040142,-0.133280,-0.266280,0.344782,-0.020768,-0.052768,0.034688,3.0000,2.0000,1.0000,0.0000,3.0000,27.0013,30.6485,44.9495,-6.0931,13.1766,,,
1786589941900029337,2026-08-13T09:59:01.900050,ground_truth,0.048663,0.661000,0.090473,True,,,,,,,,,-0.027079,0.843877,0.413344,-0.027079,0.843877,0.413344,-0.027079,0.843877,0.413344,0.014040,0.111028,-0.000161,0.111912,0.011570,0.110318,-0.003022,0.110964,1.412282,0.559370,-0.125839,0.000129,-0.886492,-1.284885,0.037523,0.139186,0.241723,0.000000,0.105152,0.037954,-0.120820,-0.244160,0.343703,-0.020928,-0.057952,0.033280,3.0000,2.0000,1.0000,0.0000,3.0000,27.5704,31.0992,45.2003,-4.4291,12.8391,,,
1786589941932107892,2026-08-13T09:59:01.932122,ground_truth,0.048445,0.670000,0.093163,True,,,,,,,,,-0.027079,0.843877,0.413344,-0.026582,0.848079,0.413337,-0.026582,0.848079,0.413337,0.015479,0.130794,-0.000223,0.131707,0.011570,0.110318,-0.003022,0.110964,1.411125,0.563812,-0.118122,0.000129,-0.889909,-1.283785,0.034034,0.138748,0.239976,0.000000,0.105152,0.032284,-0.124180,-0.264040,0.340964,-0.021504,-0.050656,0.032576,3.0000,2.0000,1.0000,0.0000,3.0000,27.6988,31.1857,44.7201,-4.2895,12.7405,,,
1786589941960603698,2026-08-13T09:59:01.960619,ground_truth,0.048349,0.674000,0.093151,True,,,,,,,,,-0.026098,0.852332,0.413511,-0.026098,0.852332,0.413511,-0.026098,0.852332,0.413511,0.015238,0.133855,0.005463,0.134831,0.014668,0.126363,0.002488,0.127236,1.410472,0.566615,-0.113341,0.000129,-0.891914,-1.283160,0.032720,0.140492,0.237797,0.000000,0.096863,0.029665,-0.112420,-0.269920,0.354908,-0.022112,-0.048928,0.035136,3.0000,2.0000,1.0000,0.0000,3.0000,27.9914,31.4780,44.0332,-4.6727,13.3069,,,
1786589941995466905,2026-08-13T09:59:01.995487,ground_truth,0.048542,0.666000,0.093175,True,,,,,,,,,-0.026098,0.852332,0.413511,-0.025633,0.856809,0.413685,-0.025633,0.856809,0.413685,0.016161,0.155610,0.006052,0.156564,0.014668,0.126363,0.002488,0.127236,1.409152,0.572803,-0.102872,0.000129,-0.895988,-1.281963,0.026174,0.141806,0.237797,0.000000,0.091624,0.023995,-0.091420,-0.270900,0.353165,-0.022272,-0.052928,0.036352,3.0000,2.0000,1.0000,0.0000,3.0000,28.4075,31.8749,43.7357,-4.3303,14.2630,,,
1786589942024478299,2026-08-13T09:59:02.024490,ground_truth,0.045748,0.670000,0.093163,True,,,,,,,,,-0.025180,0.860585,0.414047,-0.025180,0.860585,0.414047,-0.025180,0.860585,0.414047,0.012745,0.106425,0.010202,0.107670,0.013805,0.124226,0.008069,0.125251,1.408603,0.576200,-0.097140,0.000129,-0.898241,-1.281414,0.020940,0.142243,0.239976,0.000000,0.094244,0.021375,-0.110320,-0.246400,0.362793,-0.022880,-0.047360,0.035008,3.0000,2.0000,2.0000,0.0000,4.0000,28.6083,32.2011,43.0566,-6.8600,15.0988,,,
1786589942063760475,2026-08-13T09:59:02.063777,ground_truth,0.045545,0.679000,0.093135,True,,,,,,,,,-0.025180,0.860585,0.414047,-0.024558,0.864220,0.414408,-0.024558,0.864220,0.414408,0.021877,0.127868,0.012698,0.130346,0.013805,0.124226,0.008069,0.125251,1.408603,0.576200,-0.097140,0.000129,-0.898241,-1.281414,0.020940,0.142243,0.239976,0.000000,0.094244,0.021375,-0.110320,-0.246400,0.362793,-0.022880,-0.047360,0.035008,3.0000,2.0000,1.0000,0.0000,3.0000,28.7853,31.4776,41.2125,-4.1948,14.9196,,,
1786589942095182731,2026-08-13T09:59:02.095194,ground_truth,0.045545,0.679000,0.093135,True,,,,,,,,,-0.023907,0.867827,0.414767,-0.023907,0.867827,0.414767,-0.023907,0.867827,0.414767,0.016651,0.092131,0.009176,0.094072,0.019031,0.108197,0.010760,0.110384,1.408603,0.576200,-0.097140,0.000129,-0.898241,-1.281414,0.020940,0.142243,0.239976,0.000000,0.094244,0.021375,-0.110320,-0.246400,0.362793,-0.022880,-0.047360,0.035008,3.0000,2.0000,2.0000,0.0000,4.0000,28.8917,31.8663,41.2381,-4.6233,15.4601,,,
1786589942126204184,2026-08-13T09:59:02.126216,ground_truth,0.042967,0.674000,0.093151,True,,,,,,,,,-0.023907,0.867827,0.414767,-0.023280,0.871428,0.415126,-0.023280,0.871428,0.415126,0.019878,0.114306,0.011396,0.116580,0.019031,0.108197,0.010760,0.110384,1.408603,0.576200,-0.097140,0.000129,-0.898241,-1.281414,0.020940,0.142243,0.239976,0.000000,0.094244,0.021375,-0.110320,-0.246400,0.362793,-0.022880,-0.047360,0.035008,3.0000,2.0000,2.0000,0.0000,4.0000,29.3660,32.2255,41.2295,-3.8088,15.6601,,,
1786589942155532236,2026-08-13T09:59:02.155550,ground_truth,0.042779,0.683000,0.093123,True,,,,,,,,,-0.022466,0.875242,0.415486,-0.022466,0.875242,0.415486,-0.022466,0.875242,0.415486,0.026344,0.123322,0.011648,0.126641,0.021607,0.111188,0.010785,0.113781,1.408603,0.576200,-0.097140,0.000129,-0.898241,-1.281414,0.020940,0.142243,0.239976,0.000000,0.094244,0.021375,-0.110320,-0.246400,0.362793,-0.022880,-0.047360,0.035008,3.0000,2.0000,2.0000,0.0000,4.0000,29.5930,32.9430,41.6963,-4.4653,15.2202,,,
1786589942189662041,2026-08-13T09:59:02.189679,ground_truth,0.042779,0.683000,0.090441,True,,,,,,,,,-0.022466,0.875242,0.415486,-0.021662,0.878618,0.415844,-0.021662,0.878618,0.415844,0.027457,0.115382,0.012241,0.119234,0.021607,0.111188,0.010785,0.113781,1.408603,0.576200,-0.097140,0.000129,-0.898241,-1.281414,0.020940,0.142243,0.239976,0.000000,0.094244,0.021375,-0.110320,-0.246400,0.362793,-0.022880,-0.047360,0.035008,3.0000,2.0000,2.0000,0.0000,4.0000,29.6242,32.9051,42.0266,-3.9279,15.8636,,,
1786589942221305384,2026-08-13T09:59:02.221319,ground_truth,0.039949,0.691000,0.090430,True,,,,,,,,,-0.020885,0.881907,0.416024,-0.020885,0.881907,0.416024,-0.020885,0.881907,0.416024,0.022736,0.096138,0.005239,0.098928,0.023776,0.100221,0.008081,0.103319,1.406885,0.603850,-0.051139,0.000129,-0.916199,-1.279678,0.000000,0.138748,0.236050,0.000000,0.094244,0.000000,-0.014560,-0.261520,0.363291,-0.025664,-0.049824,0.017152,3.0000,2.0000,2.0000,0.0000,4.0000,30.0364,33.5533,42.9504,-4.8068,17.6648,,,
1786589942258109768,2026-08-13T09:59:02.258132,ground_truth,0.039776,0.700000,0.090417,True,,,,,,,,,-0.020885,0.881907,0.416024,-0.019902,0.884911,0.416202,-0.019902,0.884911,0.416202,0.030922,0.094519,0.005618,0.099607,0.023776,0.100221,0.008081,0.103319,1.406931,0.608365,-0.043317,0.000129,-0.919455,-1.279721,0.001307,0.142243,0.250890,0.000000,0.107772,0.002609,0.048300,-0.252280,0.355904,-0.026048,-0.052224,-0.010976,3.0000,2.0000,2.0000,0.0000,4.0000,30.0964,32.8490,41.8258,-2.2650,16.5190,,,
1786589942292288406,2026-08-13T09:59:02.292305,ground_truth,0.040026,0.687000,0.090436,True,,,,,,,,,-0.018898,0.888285,0.416196,-0.018898,0.888285,0.416196,-0.018898,0.888285,0.416196,0.027096,0.091103,-0.000172,0.095048,0.029663,0.095249,0.002571,0.099794,1.407015,0.610678,-0.039257,0.000129,-0.921223,-1.279775,0.004796,0.145295,0.256563,0.000000,0.110391,0.005670,0.055160,-0.262220,0.355074,-0.026272,-0.059680,-0.028448,3.0000,2.0000,2.0000,0.0000,4.0000,30.1373,33.2820,42.0175,-3.1178,16.4539,,,
1786589942322071974,2026-08-13T09:59:02.322090,ground_truth,0.039776,0.700000,0.090417,True,,,,,,,,,-0.018898,0.888285,0.416196,-0.018110,0.891733,0.416192,-0.018110,0.891733,0.416192,0.023216,0.101637,-0.000125,0.104255,0.029663,0.095249,0.002571,0.099794,1.407015,0.610678,-0.039257,0.000129,-0.921223,-1.279775,0.004796,0.145295,0.256563,0.000000,0.110391,0.005670,0.055160,-0.262220,0.355074,-0.026272,-0.059680,-0.028448,3.0000,2.0000,2.0000,0.0000,4.0000,29.8933,32.9925,42.2719,-4.0867,16.4238,,,
1786589942364220471,2026-08-13T09:59:02.364246,ground_truth,0.039776,0.700000,0.087763,True,,,,,,,,,-0.017322,0.895463,0.416187,-0.017322,0.895463,0.416187,-0.017322,0.895463,0.416187,0.026371,0.124690,-0.000155,0.127448,0.023228,0.105761,-0.000131,0.108282,1.407015,0.610678,-0.039257,0.000129,-0.921223,-1.279775,0.004796,0.145295,0.256563,0.000000,0.110391,0.005670,0.055160,-0.262220,0.355074,-0.026272,-0.059680,-0.028448,3.0000,2.0000,2.0000,0.0000,4.0000,29.8443,32.1707,41.3908,-1.7907,16.5504,,,
1786589942403644642,2026-08-13T09:59:02.403662,ground_truth,0.039545,0.712000,0.087766,True,,,,,,,,,-0.017322,0.895463,0.416187,-0.016715,0.898769,0.416005,-0.016715,0.898769,0.416005,0.014492,0.078930,-0.004334,0.080366,0.023228,0.105761,-0.000131,0.108282,1.407140,0.613017,-0.035109,0.000129,-0.923087,-1.279937,0.008285,0.146601,0.260489,0.000000,0.118680,0.013086,0.068740,-0.266560,0.374330,-0.026560,-0.054560,-0.023712,3.0000,2.0000,2.0000,0.0000,4.0000,29.8676,32.5445,40.3583,-3.3128,17.2308,,,
1786589942441617308,2026-08-13T09:59:02.441637,ground_truth,0.039853,0.696000,0.087763,True,,,,,,,,,-0.016107,0.901990,0.415825,-0.016107,0.901990,0.415825,-0.016107,0.901990,0.415825,0.015156,0.080317,-0.004500,0.081859,0.018684,0.100386,-0.005568,0.102262,1.407140,0.613017,-0.035109,0.000129,-0.923087,-1.279937,0.008285,0.146601,0.260489,0.000000,0.118680,0.013086,0.068740,-0.266560,0.374330,-0.026560,-0.054560,-0.023712,3.0000,2.0000,1.0000,0.0000,3.0000,29.6204,32.3626,39.6893,-4.8208,14.8295,,,
1786589942472396307,2026-08-13T09:59:02.472416,ground_truth,0.039449,0.717000,0.087767,True,,,,,,,,,-0.016107,0.901990,0.415825,-0.015534,0.904714,0.415465,-0.015534,0.904714,0.415465,0.015327,0.072891,-0.009633,0.075105,0.018684,0.100386,-0.005568,0.102262,1.407140,0.613017,-0.035109,0.000129,-0.923087,-1.279937,0.008285,0.146601,0.260489,0.000000,0.118680,0.013086,0.068740,-0.266560,0.374330,-0.026560,-0.054560,-0.023712,3.0000,2.0000,2.0000,0.0000,4.0000,29.4130,31.1120,38.0378,-1.6882,15.9322,,,
1786589942533080452,2026-08-13T09:59:02.533103,ground_truth,0.039545,0.712000,0.085132,True,,,,,,,,,-0.014941,0.907499,0.415106,-0.014941,0.907499,0.415106,-0.014941,0.907499,0.415106,0.019327,0.090715,-0.011691,0.093485,0.017459,0.082479,-0.010764,0.084991,1.407140,0.613017,-0.035109,0.000129,-0.923087,-1.279937,0.008285,0.146601,0.260489,0.000000,0.118680,0.013086,0.068740,-0.266560,0.374330,-0.026560,-0.054560,-0.023712,3.0000,2.0000,2.0000,0.0000,4.0000,29.4746,31.2318,38.3215,-1.4904,15.8559,,,
1786589942592171181,2026-08-13T09:59:02.592194,ground_truth,0.039545,0.712000,0.085132,True,,,,,,,,,-0.014341,0.910296,0.414570,-0.014341,0.910296,0.414570,-0.014341,0.910296,0.414570,0.009807,0.045731,-0.008767,0.047585,0.008913,0.041562,-0.007968,0.043247,1.407140,0.613017,-0.035109,0.000129,-0.923087,-1.279937,0.008285,0.146601,0.260489,0.000000,0.118680,0.013086,0.068740,-0.266560,0.374330,-0.026560,-0.054560,-0.023712,3.0000,2.0000,2.0000,0.0000,4.0000,29.4816,31.6126,39.1808,-1.6649,15.8257,,,
1786589942630432900,2026-08-13T09:59:02.630456,ground_truth,0.039622,0.708000,0.082485,True,,,,,,,,,-0.013927,0.913096,0.414034,-0.013927,0.913096,0.414034,-0.013927,0.913096,0.414034,0.006993,0.047339,-0.009053,0.048702,0.006203,0.041992,-0.008031,0.043201,1.408629,0.632409,0.000260,0.000129,-0.939192,-1.281597,0.013087,0.158388,0.301063,0.000000,0.140056,0.010898,0.070280,-0.287980,0.368354,-0.031520,-0.062464,-0.028512,3.0000,2.0000,2.0000,0.0000,4.0000,29.4685,32.6169,41.1868,-4.2323,15.6538,,,
1786589942666998002,2026-08-13T09:59:02.667021,ground_truth,0.042069,0.717000,0.079891,True,,,,,,,,,-0.013927,0.913096,0.414034,-0.013533,0.915896,0.413324,-0.013533,0.915896,0.413324,0.010302,0.073048,-0.018524,0.076061,0.006203,0.041992,-0.008031,0.043201,1.410459,0.666691,0.070329,0.000129,-0.974796,-1.283279,0.000000,0.132208,0.290155,0.000000,0.156203,0.000000,0.062860,-0.335720,0.375326,-0.036960,-0.064960,-0.029504,3.0000,2.0000,1.0000,0.0000,3.0000,28.5732,31.1241,41.2848,-6.5461,14.7878,,,
1786589942704606690,2026-08-13T09:59:02.704628,ground_truth,0.041985,0.721000,0.077294,True,,,,,,,,,-0.013301,0.918215,0.412441,-0.013301,0.918215,0.412441,-0.013301,0.918215,0.412441,0.006358,0.063658,-0.024226,0.068408,0.009449,0.077206,-0.024021,0.081406,1.410459,0.666691,0.070329,0.000129,-0.974796,-1.283279,0.000000,0.132208,0.290155,0.000000,0.156203,0.000000,0.062860,-0.335720,0.375326,-0.036960,-0.064960,-0.029504,3.0000,2.0000,2.0000,0.0000,4.0000,28.0722,30.5685,41.2471,-8.9389,15.0036,,,
1786589942745277521,2026-08-13T09:59:02.745300,ground_truth,0.041985,0.721000,0.074675,True,,,,,,,,,-0.013235,0.920706,0.411384,-0.013235,0.920706,0.411384,-0.013235,0.920706,0.411384,0.001731,0.065932,-0.027984,0.071646,0.000975,0.037132,-0.015760,0.040349,1.410459,0.666691,0.070329,0.000129,-0.974796,-1.283279,0.000000,0.132208,0.290155,0.000000,0.156203,0.000000,0.062860,-0.335720,0.375326,-0.036960,-0.064960,-0.029504,3.0000,2.0000,1.0000,0.0000,3.0000,27.8710,29.3357,39.2994,-6.5910,14.8804,,,
1786589942798917653,2026-08-13T09:59:02.798943,ground_truth,0.041902,0.725000,0.072097,True,,,,,,,,,-0.013235,0.920706,0.411384,-0.013182,0.923444,0.410154,-0.013182,0.923444,0.410154,0.001310,0.067839,-0.030470,0.074379,0.000975,0.037132,-0.015760,0.040349,1.410465,0.668259,0.073779,0.000129,-0.976715,-1.283289,0.000000,0.130895,0.288415,0.000000,0.161873,0.000000,0.058800,-0.334460,0.378314,-0.037248,-0.057824,-0.028672,3.0000,2.0000,2.0000,0.0000,4.0000,27.7027,29.7731,41.1281,-8.5464,15.9189,,,
1786589942839483896,2026-08-13T09:59:02.839505,ground_truth,0.041819,0.729000,0.069532,True,,,,,,,,,-0.013124,0.926019,0.408932,-0.013124,0.926019,0.408932,-0.013124,0.926019,0.408932,0.001083,0.047712,-0.022667,0.052834,0.001648,0.078649,-0.036313,0.086643,1.409727,0.689611,0.120873,0.000129,-1.002499,-1.282567,0.009598,0.120859,0.263976,0.000000,0.145726,0.008289,-0.099120,-0.323260,0.367441,-0.039968,-0.061344,0.029792,3.0000,2.0000,2.0000,0.0000,4.0000,27.3247,28.8638,39.0826,-9.0884,15.8286,,,
1786589942874949760,2026-08-13T09:59:02.874971,ground_truth,0.041819,0.729000,0.064321,True,,,,,,,,,-0.013124,0.926019,0.408932,-0.013249,0.928773,0.407538,-0.013249,0.928773,0.407538,-0.003107,0.068659,-0.034722,0.077002,0.001648,0.078649,-0.036313,0.086643,1.409315,0.695034,0.132412,0.000129,-1.008988,-1.282179,0.007853,0.125661,0.262229,0.000000,0.145726,0.008289,-0.090440,-0.339080,0.369848,-0.040576,-0.061440,0.031744,3.0000,2.0000,2.0000,0.0000,4.0000,27.2104,28.7763,39.0187,-8.5697,15.5397,,,
1786589942913026434,2026-08-13T09:59:02.913049,ground_truth,0.041902,0.725000,0.061649,True,,,,,,,,,-0.013249,0.928773,0.407538,-0.013385,0.931351,0.405799,-0.013385,0.931351,0.405799,-0.003845,0.072776,-0.049117,0.087884,-0.001824,0.040320,-0.020390,0.045219,1.409165,0.697033,0.136576,0.000129,-1.011252,-1.282039,0.009598,0.125661,0.260489,0.000000,0.140056,0.007847,-0.089460,-0.351540,0.377069,-0.040704,-0.057504,0.032896,3.0000,2.0000,2.0000,0.0000,4.0000,27.0293,28.9589,40.0126,-8.4223,15.3688,,,
1786589942949087000,2026-08-13T09:59:02.949107,ground_truth,0.041902,0.725000,0.056425,True,,,,,,,,,-0.013510,0.933893,0.403880,-0.013510,0.933893,0.403880,-0.013510,0.933893,0.403880,-0.003308,0.067225,-0.050748,0.084294,-0.004081,0.079964,-0.057144,0.098368,1.409165,0.697033,0.136576,0.000129,-1.011252,-1.282039,0.009598,0.125661,0.260489,0.000000,0.140056,0.007847,-0.089460,-0.351540,0.377069,-0.040704,-0.057504,0.032896,3.0000,2.0000,1.0000,0.0000,3.0000,26.3353,28.0665,40.7822,-10.8757,14.9261,,,
1786589942983216310,2026-08-13T09:59:02.983230,ground_truth,0.041652,0.737000,0.054074,True,,,,,,,,,-0.013510,0.933893,0.403880,-0.013652,0.935735,0.401613,-0.013652,0.935735,0.401613,-0.003901,0.050681,-0.062357,0.080450,-0.004081,0.079964,-0.057144,0.098368,1.409165,0.697033,0.136576,0.000129,-1.011252,-1.282039,0.009598,0.125661,0.260489,0.000000,0.140056,0.007847,-0.089460,-0.351540,0.377069,-0.040704,-0.057504,0.032896,3.0000,2.0000,2.0000,0.0000,4.0000,25.7593,27.4218,41.6604,-12.9992,15.6120,,,
1786589943024891547,2026-08-13T09:59:03.024913,ground_truth,0.041568,0.741000,0.051575,True,,,,,,,,,-0.013777,0.937437,0.399367,-0.013777,0.937437,0.399367,-0.013777,0.937437,0.399367,-0.003710,0.050482,-0.066629,0.083676,-0.004005,0.053184,-0.067722,0.086203,1.409165,0.697033,0.136576,0.000129,-1.011252,-1.282039,0.009598,0.125661,0.260489,0.000000,0.140056,0.007847,-0.089460,-0.351540,0.377069,-0.040704,-0.057504,0.032896,3.0000,2.0000,2.0000,0.0000,4.0000,25.4575,27.1009,42.0315,-13.3751,15.7448,,,
1786589943057448642,2026-08-13T09:59:03.057482,ground_truth,0.041485,0.745000,0.051668,True,,,,,,,,,-0.013777,0.937437,0.399367,-0.013912,0.939750,0.396955,-0.013912,0.939750,0.396955,-0.003207,0.055011,-0.057367,0.079546,-0.004005,0.053184,-0.067722,0.086203,1.409067,0.698536,0.139676,0.000129,-1.012868,-1.281931,0.008285,0.125661,0.258303,0.000000,0.131766,0.010898,-0.099120,-0.371560,0.369682,-0.040864,-0.054880,0.033280,3.0000,2.0000,2.0000,0.0000,4.0000,25.3868,27.0069,41.4550,-13.8671,15.4318,,,
1786589943096609090,2026-08-13T09:59:03.096627,ground_truth,0.041568,0.741000,0.048989,True,,,,,,,,,-0.014020,0.942400,0.394548,-0.014020,0.942400,0.394548,-0.014020,0.942400,0.394548,-0.003356,0.081718,-0.074220,0.110444,-0.003680,0.074952,-0.072777,0.104536,1.408231,0.721756,0.184346,0.000129,-1.034718,-1.280853,0.003489,0.120859,0.213797,0.000000,0.099482,0.003051,-0.127960,-0.374080,0.374994,-0.044800,-0.051552,0.031520,3.0000,2.0000,2.0000,0.0000,4.0000,25.5616,27.1952,41.0371,-12.9891,15.1743,,,
1786589943131425193,2026-08-13T09:59:03.131444,ground_truth,0.041485,0.745000,0.046510,True,,,,,,,,,-0.014020,0.942400,0.394548,-0.014162,0.944476,0.391963,-0.014162,0.944476,0.391963,-0.003582,0.052650,-0.065546,0.084149,-0.003680,0.074952,-0.072777,0.104536,1.408231,0.721756,0.184346,0.000129,-1.034718,-1.280853,0.003489,0.120859,0.213797,0.000000,0.099482,0.003051,-0.127960,-0.374080,0.374994,-0.044800,-0.051552,0.031520,3.0000,2.0000,2.0000,0.0000,4.0000,25.7969,27.0999,41.0384,-11.2330,15.4647,,,
1786589943163773592,2026-08-13T09:59:03.163800,ground_truth,0.041318,0.753000,0.044158,True,,,,,,,,,-0.014291,0.946652,0.389388,-0.014291,0.946652,0.389388,-0.014291,0.946652,0.389388,-0.003693,0.062138,-0.073549,0.096355,-0.004052,0.063676,-0.077276,0.100213,1.408231,0.721756,0.184346,0.000129,-1.034718,-1.280853,0.003489,0.120859,0.213797,0.000000,0.099482,0.003051,-0.127960,-0.374080,0.374994,-0.044800,-0.051552,0.031520,3.0000,2.0000,2.0000,0.0000,4.0000,26.4521,27.6214,40.2955,-10.1791,15.7555,,,
1786589943199156786,2026-08-13T09:59:03.199172,ground_truth,0.038680,0.757000,0.041712,True,,,,,,,,,-0.014291,0.946652,0.389388,-0.014409,0.948847,0.386657,-0.014409,0.948847,0.386657,-0.003653,0.067865,-0.084454,0.108405,-0.004052,0.063676,-0.077276,0.100213,1.408231,0.721756,0.184346,0.000129,-1.034718,-1.280853,0.003489,0.120859,0.213797,0.000000,0.099482,0.003051,-0.127960,-0.374080,0.374994,-0.044800,-0.051552,0.031520,3.0000,2.0000,2.0000,0.0000,4.0000,26.8473,28.0207,39.3040,-9.9590,16.0524,,,
1786589943233998980,2026-08-13T09:59:03.234012,ground_truth,0.038757,0.753000,0.039026,True,,,,,,,,,-0.014346,0.951472,0.383939,-0.014346,0.951472,0.383939,-0.014346,0.951472,0.383939,0.001793,0.074954,-0.077595,0.107900,-0.000833,0.072538,-0.082004,0.109486,1.408231,0.721756,0.184346,0.000129,-1.034718,-1.280853,0.003489,0.120859,0.213797,0.000000,0.099482,0.003051,-0.127960,-0.374080,0.374994,-0.044800,-0.051552,0.031520,3.0000,2.0000,2.0000,0.0000,4.0000,26.9468,27.9184,38.9529,-10.5196,16.4550,,,
1786589943268560384,2026-08-13T09:59:03.268580,ground_truth,0.038315,0.776000,0.039753,True,,,,,,,,,-0.014346,0.951472,0.383939,-0.014126,0.954184,0.381214,-0.014126,0.954184,0.381214,0.006342,0.077887,-0.078247,0.110586,-0.000833,0.072538,-0.082004,0.109486,1.408205,0.724161,0.188614,0.000129,-1.036615,-1.280810,0.001744,0.119114,0.209871,0.000000,0.091624,0.002609,-0.123620,-0.396060,0.365200,-0.045248,-0.046752,0.030848,3.0000,2.0000,2.0000,0.0000,4.0000,26.9983,27.8170,39.0842,-10.1578,16.3597,,,
1786589943299109962,2026-08-13T09:59:03.299128,ground_truth,0.038680,0.757000,0.036594,True,,,,,,,,,-0.013881,0.956860,0.378712,-0.013881,0.956860,0.378712,-0.013881,0.956860,0.378712,0.007041,0.076980,-0.072003,0.105641,0.007000,0.081015,-0.078602,0.113095,1.408414,0.743611,0.221232,0.000129,-1.049809,-1.281338,0.004796,0.096423,0.150531,0.000000,0.040573,0.007847,0.074900,-0.385000,0.336150,-0.047808,-0.041920,-0.025952,3.0000,2.0000,2.0000,0.0000,4.0000,27.3916,28.1973,38.5330,-8.9951,15.9514,,,
1786589943330699935,2026-08-13T09:59:03.330721,ground_truth,0.038680,0.757000,0.036594,True,,,,,,,,,-0.013881,0.956860,0.378712,-0.013660,0.959315,0.376173,-0.013660,0.959315,0.376173,0.007200,0.080218,-0.082950,0.115617,0.007000,0.081015,-0.078602,0.113095,1.408740,0.747466,0.226942,0.000129,-1.051275,-1.281705,0.007853,0.096423,0.137877,0.000000,0.034903,0.007847,0.074900,-0.389340,0.352999,-0.047712,-0.040704,-0.028064,3.0000,2.0000,2.0000,0.0000,4.0000,27.3866,28.3170,38.5657,-10.3395,16.3080,,,
1786589943362951151,2026-08-13T09:59:03.362975,ground_truth,0.038680,0.757000,0.036594,True,,,,,,,,,-0.013446,0.961726,0.373806,-0.013446,0.961726,0.373806,-0.013446,0.961726,0.373806,0.006842,0.076797,-0.075390,0.107834,0.006471,0.072355,-0.072941,0.102944,1.408740,0.747466,0.226942,0.000129,-1.051275,-1.281705,0.007853,0.096423,0.137877,0.000000,0.034903,0.007847,0.074900,-0.389340,0.352999,-0.047712,-0.040704,-0.028064,3.0000,2.0000,2.0000,0.0000,4.0000,27.5611,28.2789,38.2614,-10.5860,16.0944,,,
1786589943399294306,2026-08-13T09:59:03.399322,ground_truth,0.038680,0.757000,0.036594,True,,,,,,,,,-0.013446,0.961726,0.373806,-0.013236,0.963915,0.371610,-0.013236,0.963915,0.371610,0.006501,0.068003,-0.068220,0.096544,0.006471,0.072355,-0.072941,0.102944,1.408740,0.747466,0.226942,0.000129,-1.051275,-1.281705,0.007853,0.096423,0.137877,0.000000,0.034903,0.007847,0.074900,-0.389340,0.352999,-0.047712,-0.040704,-0.028064,3.0000,2.0000,2.0000,0.0000,4.0000,27.5413,28.5339,38.6292,-11.1699,15.6970,,,
1786589943427865409,2026-08-13T09:59:03.427881,ground_truth,0.038545,0.764000,0.034279,True,,,,,,,,,-0.013027,0.965846,0.369762,-0.013027,0.965846,0.369762,-0.013027,0.965846,0.369762,0.005766,0.053215,-0.050939,0.073891,0.006292,0.061946,-0.060810,0.087033,1.408740,0.747466,0.226942,0.000129,-1.051275,-1.281705,0.007853,0.096423,0.137877,0.000000,0.034903,0.007847,0.074900,-0.389340,0.352999,-0.047712,-0.040704,-0.028064,3.0000,2.0000,2.0000,0.0000,4.0000,27.6093,28.6838,38.4254,-11.3228,16.0588,,,
1786589943456776738,2026-08-13T09:59:03.456802,ground_truth,0.038315,0.776000,0.034698,True,,,,,,,,,-0.013027,0.965846,0.369762,-0.012803,0.967726,0.367937,-0.012803,0.967726,0.367937,0.007820,0.065682,-0.063765,0.091876,0.006292,0.061946,-0.060810,0.087033,1.408740,0.747466,0.226942,0.000129,-1.051275,-1.281705,0.007853,0.096423,0.137877,0.000000,0.034903,0.007847,0.074900,-0.389340,0.352999,-0.047712,-0.040704,-0.028064,3.0000,2.0000,2.0000,0.0000,4.0000,28.4772,28.4143,38.4696,-13.4054,16.8890,,,
1786589943491171464,2026-08-13T09:59:03.491187,ground_truth,0.035722,0.780000,0.034837,True,,,,,,,,,-0.012564,0.970182,0.366488,-0.012564,0.970182,0.366488,-0.012564,0.970182,0.366488,0.008384,0.086091,-0.050777,0.100301,0.006949,0.065081,-0.049135,0.081842,1.408819,0.748224,0.228050,0.000129,-1.051555,-1.281791,0.009598,0.096423,0.137438,0.000000,0.034903,0.010898,0.070280,-0.379400,0.342375,-0.047808,-0.041920,-0.027904,3.0000,2.0000,2.0000,0.0000,4.0000,27.9997,28.3982,39.0656,-14.4122,16.6079,,,
1786589943522684654,2026-08-13T09:59:03.522700,ground_truth,0.035792,0.776000,0.034698,True,,,,,,,,,-0.012564,0.970182,0.366488,-0.012169,0.973393,0.365206,-0.012169,0.973393,0.365206,0.011378,0.092423,-0.036910,0.100169,0.006949,0.065081,-0.049135,0.081842,1.408819,0.748224,0.228050,0.000129,-1.051555,-1.281791,0.009598,0.096423,0.137438,0.000000,0.034903,0.010898,0.070280,-0.379400,0.342375,-0.047808,-0.041920,-0.027904,3.0000,2.0000,2.0000,0.0000,4.0000,27.5075,28.5706,38.8243,-15.2787,16.6987,,,
1786589943560270188,2026-08-13T09:59:03.560308,ground_truth,0.036003,0.764000,0.034279,True,,,,,,,,,-0.011784,0.976115,0.364081,-0.011784,0.976115,0.364081,-0.011784,0.976115,0.364081,0.012078,0.085386,-0.035291,0.093178,0.011692,0.088894,-0.036070,0.096643,1.408819,0.748224,0.228050,0.000129,-1.051555,-1.281791,0.009598,0.096423,0.137438,0.000000,0.034903,0.010898,0.070280,-0.379400,0.342375,-0.047808,-0.041920,-0.027904,3.0000,2.0000,2.0000,0.0000,4.0000,27.5075,28.5706,38.8243,-15.2787,16.6987,,,
1786589943594542796,2026-08-13T09:59:03.594564,ground_truth,0.035932,0.768000,0.034419,True,,,,,,,,,-0.011784,0.976115,0.364081,-0.011418,0.978526,0.362922,-0.011418,0.978526,0.362922,0.009794,0.064615,-0.031067,0.072361,0.011692,0.088894,-0.036070,0.096643,1.410596,0.762552,0.246310,0.000129,-1.055113,-1.283408,0.014394,0.117808,0.132204,0.000000,0.013517,0.013517,0.068460,-0.365120,0.342873,-0.049760,-0.040864,-0.030624,3.0000,2.0000,2.0000,0.0000,4.0000,27.4587,28.4891,38.9769,-13.7351,16.1286,,,
1786589943626614579,2026-08-13T09:59:03.626635,ground_truth,0.035862,0.772000,0.032024,True,,,,,,,,,-0.011043,0.980448,0.361950,-0.011043,0.980448,0.361950,-0.011043,0.980448,0.361950,0.011015,0.056358,-0.028480,0.064099,0.011119,0.065010,-0.031965,0.073292,1.410596,0.762552,0.246310,0.000129,-1.055113,-1.283408,0.014394,0.117808,0.132204,0.000000,0.013517,0.013517,0.068460,-0.365120,0.342873,-0.049760,-0.040864,-0.030624,3.0000,2.0000,2.0000,0.0000,4.0000,27.3342,28.5113,38.6213,-12.8103,15.8020,,,
1786589943656942270,2026-08-13T09:59:03.656965,ground_truth,0.035598,0.787000,0.030063,True,,,,,,,,,-0.011043,0.980448,0.361950,-0.010668,0.982059,0.360984,-0.010668,0.982059,0.360984,0.011717,0.050362,-0.030189,0.059875,0.011119,0.065010,-0.031965,0.073292,1.410596,0.762552,0.246310,0.000129,-1.055113,-1.283408,0.014394,0.117808,0.132204,0.000000,0.013517,0.013517,0.068460,-0.365120,0.342873,-0.049760,-0.040864,-0.030624,3.0000,2.0000,2.0000,0.0000,4.0000,27.8120,28.5190,38.5569,-12.4636,16.1134,,,
1786589943690311702,2026-08-13T09:59:03.690330,ground_truth,0.035651,0.784000,0.029948,True,,,,,,,,,-0.010287,0.983822,0.360045,-0.010287,0.983822,0.360045,-0.010287,0.983822,0.360045,0.012480,0.057683,-0.030758,0.066552,0.011378,0.050763,-0.028674,0.059402,1.410596,0.762552,0.246310,0.000129,-1.055113,-1.283408,0.014394,0.117808,0.132204,0.000000,0.013517,0.013517,0.068460,-0.365120,0.342873,-0.049760,-0.040864,-0.030624,3.0000,2.0000,2.0000,0.0000,4.0000,27.4378,28.3348,38.1279,-11.4888,15.2295,,,
1786589943730316164,2026-08-13T09:59:03.730338,ground_truth,0.035528,0.791000,0.027712,True,,,,,,,,,-0.010287,0.983822,0.360045,-0.010085,0.985827,0.359260,-0.010085,0.985827,0.359260,0.006010,0.059705,-0.023345,0.064388,0.011378,0.050763,-0.028674,0.059402,1.412634,0.780487,0.264608,0.000129,-1.055468,-1.285434,0.013087,0.139186,0.135698,0.000000,0.003051,0.016137,0.062580,-0.355180,0.347189,-0.053824,0.024608,-0.034464,3.0000,2.0000,2.0000,0.0000,4.0000,27.5001,28.6500,38.5756,-9.3700,16.0945,,,
1786589943760510927,2026-08-13T09:59:03.760531,ground_truth,0.035528,0.791000,0.025210,True,,,,,,,,,-0.009869,0.988042,0.358506,-0.009869,0.988042,0.358506,-0.009869,0.988042,0.358506,0.005422,0.055783,-0.019000,0.059179,0.006240,0.063129,-0.023014,0.067482,1.412634,0.780487,0.264608,0.000129,-1.055468,-1.285434,0.013087,0.139186,0.135698,0.000000,0.003051,0.016137,0.062580,-0.355180,0.347189,-0.053824,0.024608,-0.034464,3.0000,2.0000,2.0000,0.0000,4.0000,28.4534,28.8303,37.7351,-9.8708,17.0355,,,
1786589943795050290,2026-08-13T09:59:03.795068,ground_truth,0.035458,0.795000,0.022879,True,,,,,,,,,-0.009869,0.988042,0.358506,-0.009684,0.990298,0.357537,-0.009684,0.990298,0.357537,0.006104,0.074139,-0.031860,0.080926,0.006240,0.063129,-0.023014,0.067482,1.412634,0.780487,0.264608,0.000129,-1.055468,-1.285434,0.013087,0.139186,0.135698,0.000000,0.003051,0.016137,0.062580,-0.355180,0.347189,-0.053824,0.024608,-0.034464,3.0000,2.0000,2.0000,0.0000,4.0000,28.3998,28.8433,37.5655,-9.5774,16.8531,,,
1786589943826969244,2026-08-13T09:59:03.826998,ground_truth,0.037815,0.802000,0.020697,True,,,,,,,,,-0.009469,0.992563,0.356622,-0.009469,0.992563,0.356622,-0.009469,0.992563,0.356622,0.006259,0.065988,-0.026642,0.071438,0.005994,0.067645,-0.028188,0.073528,1.412634,0.780487,0.264608,0.000129,-1.055468,-1.285434,0.013087,0.139186,0.135698,0.000000,0.003051,0.016137,0.062580,-0.355180,0.347189,-0.053824,0.024608,-0.034464,3.0000,2.0000,2.0000,0.0000,4.0000,28.4244,28.7584,37.3726,-9.6877,17.0311,,,
1786589943858417354,2026-08-13T09:59:03.858434,ground_truth,0.037738,0.806000,0.020876,True,,,,,,,,,-0.009469,0.992563,0.356622,-0.009411,0.995042,0.355563,-0.009411,0.995042,0.355563,0.001791,0.077010,-0.032915,0.083768,0.005994,0.067645,-0.028188,0.073528,1.412634,0.780487,0.264608,0.000129,-1.055468,-1.285434,0.013087,0.139186,0.135698,0.000000,0.003051,0.016137,0.062580,-0.355180,0.347189,-0.053824,0.024608,-0.034464,3.0000,2.0000,2.0000,0.0000,4.0000,28.2319,28.5604,37.4617,-9.3028,17.1137,,,
1786589943890808201,2026-08-13T09:59:03.890829,ground_truth,0.040357,0.799000,0.020562,True,,,,,,,,,-0.009348,0.997938,0.354515,-0.009348,0.997938,0.354515,-0.009348,0.997938,0.354515,0.002021,0.093186,-0.033718,0.099119,0.001809,0.080739,-0.031657,0.086742,1.412634,0.780487,0.264608,0.000129,-1.055468,-1.285434,0.013087,0.139186,0.135698,0.000000,0.003051,0.016137,0.062580,-0.355180,0.347189,-0.053824,0.024608,-0.034464,3.0000,2.0000,2.0000,0.0000,4.0000,27.9723,28.6328,37.3308,-6.0156,16.2823,,,
1786589943924689211,2026-08-13T09:59:03.924708,ground_truth,0.040608,0.787000,0.020025,True,,,,,,,,,-0.009348,0.997938,0.354515,-0.009460,1.000917,0.353446,-0.009460,1.000917,0.353446,-0.003452,0.091971,-0.032994,0.097771,0.001809,0.080739,-0.031657,0.086742,1.412634,0.780487,0.264608,0.000129,-1.055468,-1.285434,0.013087,0.139186,0.135698,0.000000,0.003051,0.016137,0.062580,-0.355180,0.347189,-0.053824,0.024608,-0.034464,3.0000,2.0000,2.0000,0.0000,4.0000,27.9714,28.6915,36.7756,-6.5340,16.4047,,,
1786589943959447268,2026-08-13T09:59:03.959464,ground_truth,0.040295,0.802000,0.018212,True,,,,,,,,,-0.009598,1.003753,0.352496,-0.009598,1.003753,0.352496,-0.009598,1.003753,0.352496,-0.004046,0.083441,-0.027961,0.088094,-0.003747,0.087383,-0.030341,0.092577,1.412634,0.780487,0.264608,0.000129,-1.055468,-1.285434,0.013087,0.139186,0.135698,0.000000,0.003051,0.016137,0.062580,-0.355180,0.347189,-0.053824,0.024608,-0.034464,3.0000,2.0000,2.0000,0.0000,4.0000,27.9045,28.4451,36.3595,-6.3384,16.3040,,,
1786589943991351094,2026-08-13T09:59:03.991373,ground_truth,0.042775,0.802000,0.015727,True,,,,,,,,,-0.009598,1.003753,0.352496,-0.009730,1.006187,0.351397,-0.009730,1.006187,0.351397,-0.003793,0.069935,-0.031581,0.076829,-0.003747,0.087383,-0.030341,0.092577,1.415757,0.833893,0.319963,0.000108,-1.057161,-1.288668,0.003489,0.129150,0.167550,0.000000,0.037523,0.002609,0.060760,-0.400120,0.371259,-0.066624,-0.047712,-0.033952,3.0000,2.0000,2.0000,0.0000,4.0000,28.2707,28.1710,35.7343,-6.3801,16.3500,,,
1786589944025466014,2026-08-13T09:59:04.025484,ground_truth,0.042842,0.799000,0.008114,True,,,,,,,,,-0.010200,1.008060,0.350123,-0.010200,1.008060,0.350123,-0.010200,1.008060,0.350123,-0.014826,0.059070,-0.040170,0.072957,-0.009055,0.064766,-0.035682,0.074497,1.415790,0.835448,0.321977,0.000108,-1.057646,-1.288701,0.003489,0.129150,0.169290,0.000000,0.043193,0.003051,0.065100,-0.431480,0.360220,-0.066624,-0.049440,-0.033952,3.0000,2.0000,2.0000,0.0000,4.0000,27.2011,28.5673,35.2420,-7.4939,16.9850,,,
1786589944059615803,2026-08-13T09:59:04.059639,ground_truth,0.042775,0.802000,0.005788,True,,,,,,,,,-0.010200,1.008060,0.350123,-0.010670,1.009822,0.348350,-0.010670,1.009822,0.348350,-0.013780,0.051637,-0.051956,0.074536,-0.009055,0.064766,-0.035682,0.074497,1.415790,0.835448,0.321977,0.000108,-1.057646,-1.288701,0.003489,0.129150,0.169290,0.000000,0.043193,0.003051,0.065100,-0.431480,0.360220,-0.066624,-0.049440,-0.033952,3.0000,2.0000,2.0000,0.0000,4.0000,27.7688,28.3075,35.7757,-7.4137,16.7226,,,
1786589944097810498,2026-08-13T09:59:04.097827,ground_truth,0.042685,0.806000,0.003529,True,,,,,,,,,-0.011121,1.011561,0.346451,-0.011121,1.011561,0.346451,-0.011121,1.011561,0.346451,-0.013165,0.050708,-0.055386,0.076238,-0.013771,0.052311,-0.054871,0.077051,1.415790,0.835448,0.321977,0.000108,-1.057646,-1.288701,0.003489,0.129150,0.169290,0.000000,0.043193,0.003051,0.065100,-0.431480,0.360220,-0.066624,-0.049440,-0.033952,3.0000,2.0000,2.0000,0.0000,4.0000,27.7123,28.3958,35.3965,-8.7785,17.0562,,,
1786589944128444661,2026-08-13T09:59:04.128469,ground_truth,0.042932,0.795000,0.000413,True,,,,,,,,,-0.011121,1.011561,0.346451,-0.011572,1.013722,0.344392,-0.011572,1.013722,0.344392,-0.011792,0.056615,-0.053947,0.079086,-0.013771,0.052311,-0.054871,0.077051,1.415829,0.837486,0.324706,0.000108,-1.058357,-1.288744,0.001744,0.125661,0.170599,0.000000,0.045812,0.002609,0.063420,-0.434280,0.371093,-0.066016,-0.051552,-0.034400,3.0000,2.0000,2.0000,0.0000,4.0000,27.7844,28.2994,34.8040,-8.4132,16.7295,,,
1786589944160380634,2026-08-13T09:59:04.160413,ground_truth,0.042527,0.813000,-0.003476,True,,,,,,,,,-0.012043,1.015967,0.342284,-0.012043,1.015967,0.342284,-0.012043,1.015967,0.342284,-0.015539,0.074028,-0.069473,0.102704,-0.013525,0.064676,-0.061154,0.090031,1.416038,0.853716,0.348417,0.000108,-1.065816,-1.288938,0.001744,0.101663,0.160130,0.000000,0.058898,0.002609,0.066640,-0.458780,0.360220,-0.066784,-0.048032,-0.033344,3.0000,2.0000,2.0000,0.0000,4.0000,27.9368,28.5817,34.0413,-8.4667,16.9151,,,
1786589944190082764,2026-08-13T09:59:04.190102,ground_truth,0.042594,0.810000,-0.006131,True,,,,,,,,,-0.012043,1.015967,0.342284,-0.012505,1.018230,0.340048,-0.012505,1.018230,0.340048,-0.014275,0.069923,-0.069102,0.099338,-0.013525,0.064676,-0.061154,0.090031,1.416071,0.856852,0.353435,0.000108,-1.067778,-1.288959,0.001307,0.094679,0.154018,0.000000,0.061949,0.000000,0.068460,-0.449120,0.348351,-0.066080,-0.047040,-0.033568,3.0000,2.0000,2.0000,0.0000,4.0000,28.4918,28.4137,33.3956,-8.6972,17.5001,,,
1786589944222790111,2026-08-13T09:59:04.222811,ground_truth,0.042685,0.806000,-0.008861,True,,,,,,,,,-0.012968,1.020069,0.337643,-0.012968,1.020069,0.337643,-0.012968,1.020069,0.337643,-0.015617,0.062051,-0.081152,0.103344,-0.014220,0.063067,-0.071364,0.096294,1.416110,0.859433,0.357562,0.000108,-1.069384,-1.288970,0.001744,0.089883,0.140933,0.000000,0.054101,0.000000,0.061320,-0.447300,0.343537,-0.065792,-0.045472,-0.032448,3.0000,2.0000,2.0000,0.0000,4.0000,28.0564,28.1807,32.8832,-7.9938,17.2084,,,
1786589944257611801,2026-08-13T09:59:04.257631,ground_truth,0.042775,0.802000,-0.011605,True,,,,,,,,,-0.012968,1.020069,0.337643,-0.013445,1.021664,0.335205,-0.013445,1.021664,0.335205,-0.014504,0.048474,-0.074125,0.089748,-0.014220,0.063067,-0.071364,0.096294,1.416163,0.862588,0.362410,0.000097,-1.071131,-1.288981,0.001744,0.088139,0.132204,0.000000,0.045812,0.000000,0.057960,-0.441420,0.347189,-0.065568,-0.049760,-0.029440,3.0000,2.0000,2.0000,0.0000,4.0000,28.0492,28.3349,32.6033,-8.0888,17.3776,,,
1786589944290040813,2026-08-13T09:59:04.290059,ground_truth,0.045061,0.810000,-0.013546,True,,,,,,,,,-0.013928,1.022782,0.332751,-0.013928,1.022782,0.332751,-0.013928,1.022782,0.332751,-0.014031,0.032497,-0.071282,0.079587,-0.014395,0.040679,-0.073348,0.085100,1.416254,0.865463,0.366729,0.000097,-1.072694,-1.288981,0.003051,0.092934,0.141371,0.000000,0.054101,0.000000,0.059500,-0.393680,0.368852,-0.066464,-0.048992,-0.034304,3.0000,2.0000,2.0000,0.0000,4.0000,28.0350,28.2169,30.6130,-9.2478,17.0830,,,
1786589944323723089,2026-08-13T09:59:04.323737,ground_truth,0.045158,0.806000,-0.013818,True,,,,,,,,,-0.013928,1.022782,0.332751,-0.014568,1.023806,0.330322,-0.014568,1.023806,0.330322,-0.019566,0.031288,-0.074213,0.082882,-0.014395,0.040679,-0.073348,0.085100,1.416411,0.868612,0.371674,0.000097,-1.074634,-1.289056,0.006540,0.104714,0.165364,0.000000,0.067188,0.005228,0.063840,-0.393260,0.371757,-0.067072,-0.049536,-0.035520,3.0000,2.0000,2.0000,0.0000,4.0000,28.0567,28.2325,31.6599,-9.1011,17.9787,,,
1786589944356611883,2026-08-13T09:59:04.356634,ground_truth,0.045061,0.810000,-0.013546,True,,,,,,,,,-0.015058,1.024598,0.328021,-0.015058,1.024598,0.328021,-0.015058,1.024598,0.328021,-0.014613,0.023625,-0.068686,0.074091,-0.016859,0.027087,-0.070572,0.077449,1.416724,0.873192,0.379035,0.000097,-1.077771,-1.289326,0.010029,0.122603,0.196785,0.000000,0.089005,0.008289,0.064400,-0.392980,0.386365,-0.066624,-0.051040,-0.034080,3.0000,2.0000,2.0000,0.0000,4.0000,28.3428,28.2980,31.9459,-8.2466,17.5961,,,
1786589944393212575,2026-08-13T09:59:04.393229,ground_truth,0.047812,0.799000,-0.014293,True,,,,,,,,,-0.015058,1.024598,0.328021,-0.015546,1.025183,0.325726,-0.015546,1.025183,0.325726,-0.014883,0.017831,-0.069953,0.073708,-0.016859,0.027087,-0.070572,0.077449,1.417143,0.878387,0.387577,0.000097,-1.081436,-1.289735,0.011342,0.135697,0.224704,0.000000,0.094675,0.013086,0.058240,-0.409500,0.391179,-0.066304,-0.055776,-0.034688,3.0000,2.0000,2.0000,0.0000,4.0000,28.3354,28.4486,32.3267,-8.1765,17.5924,,,
1786589944425340772,2026-08-13T09:59:04.425354,ground_truth,0.047735,0.802000,-0.016574,True,,,,,,,,,-0.016043,1.025513,0.323403,-0.016043,1.025513,0.323403,-0.016043,1.025513,0.323403,-0.013589,0.009032,-0.063536,0.065598,-0.014788,0.013739,-0.069325,0.072204,1.417143,0.878387,0.387577,0.000097,-1.081436,-1.289735,0.011342,0.135697,0.224704,0.000000,0.094675,0.013086,0.058240,-0.409500,0.391179,-0.066304,-0.055776,-0.034688,3.0000,2.0000,2.0000,0.0000,4.0000,29.4611,27.9921,31.6808,-9.4816,19.2139,,,
1786589944462229610,2026-08-13T09:59:04.462247,ground_truth,0.047528,0.810000,-0.018489,True,,,,,,,,,-0.016043,1.025513,0.323403,-0.016518,1.025739,0.320963,-0.016518,1.025739,0.320963,-0.014574,0.006934,-0.074843,0.076564,-0.014788,0.013739,-0.069325,0.072204,1.417143,0.878387,0.387577,0.000097,-1.081436,-1.289735,0.011342,0.135697,0.224704,0.000000,0.094675,0.013086,0.058240,-0.409500,0.391179,-0.066304,-0.055776,-0.034688,3.0000,2.0000,2.0000,0.0000,4.0000,29.0360,28.0815,31.9119,-9.9048,18.6014,,,
1786589944490062445,2026-08-13T09:59:04.490082,ground_truth,0.047812,0.799000,-0.019272,True,,,,,,,,,-0.017000,1.025944,0.318516,-0.017000,1.025944,0.318516,-0.017000,1.025944,0.318516,-0.013226,0.005629,-0.067109,0.068631,-0.014410,0.006492,-0.073555,0.075234,1.417143,0.878387,0.387577,0.000097,-1.081436,-1.289735,0.011342,0.135697,0.224704,0.000000,0.094675,0.013086,0.058240,-0.409500,0.391179,-0.066304,-0.055776,-0.034688,3.0000,2.0000,2.0000,0.0000,4.0000,28.7544,27.8534,31.9322,-10.1239,18.3331,,,
1786589944524591984,2026-08-13T09:59:04.524609,ground_truth,0.047915,0.795000,-0.019557,True,,,,,,,,,-0.017000,1.025944,0.318516,-0.017336,1.025985,0.316183,-0.017336,1.025985,0.316183,-0.012036,0.001471,-0.083624,0.084499,-0.014410,0.006492,-0.073555,0.075234,1.417293,0.880040,0.390306,0.000097,-1.082578,-1.289876,0.013087,0.138748,0.228637,0.000000,0.094244,0.013517,0.057960,-0.417760,0.392341,-0.066240,-0.051488,-0.034400,3.0000,2.0000,2.0000,0.0000,4.0000,29.3011,27.8757,32.4259,-8.4062,18.8534,,,
1786589944558286889,2026-08-13T09:59:04.558306,ground_truth,0.047812,0.799000,-0.019272,True,,,,,,,,,-0.017674,1.025833,0.314338,-0.017674,1.025833,0.314338,-0.017674,1.025833,0.314338,-0.009831,-0.004413,-0.053626,0.054698,-0.010170,-0.001671,-0.063042,0.063879,1.419763,0.902352,0.426047,0.000097,-1.095999,-1.292463,0.019634,0.150097,0.226451,0.000000,0.072426,0.021375,0.064680,-0.418460,0.351671,-0.063072,-0.047872,-0.034080,3.0000,2.0000,2.0000,0.0000,4.0000,29.1096,27.8512,32.3691,-8.4314,18.4873,,,
1786589944598531390,2026-08-13T09:59:04.598547,ground_truth,0.050214,0.802000,-0.021543,True,,,,,,,,,-0.017674,1.025833,0.314338,-0.018010,1.025643,0.312667,-0.018010,1.025643,0.312667,-0.009939,-0.005634,-0.049446,0.050749,-0.010170,-0.001671,-0.063042,0.063879,1.420612,0.908768,0.435303,0.000097,-1.098629,-1.293400,0.017889,0.141806,0.197216,0.000000,0.048432,0.021375,0.086100,-0.426860,0.357315,-0.061280,-0.045536,-0.035072,3.0000,2.0000,2.0000,0.0000,4.0000,28.6250,27.6383,32.8081,-8.5478,17.8500,,,
1786589944630702422,2026-08-13T09:59:04.630726,ground_truth,0.052694,0.802000,-0.021543,True,,,,,,,,,-0.018512,1.025445,0.310996,-0.018512,1.025445,0.310996,-0.018512,1.025445,0.310996,-0.012164,-0.004800,-0.040504,0.042563,-0.012515,-0.005802,-0.049925,0.051796,1.421187,0.912682,0.440478,0.000097,-1.099771,-1.293972,0.021378,0.137441,0.176710,0.000000,0.034903,0.019198,0.079940,-0.464660,0.350426,-0.060960,-0.042752,-0.037408,3.0000,2.0000,2.0000,0.0000,4.0000,28.7610,27.8290,33.3638,-7.5254,18.1905,,,
1786589944662845813,2026-08-13T09:59:04.662865,ground_truth,0.052694,0.802000,-0.019059,True,,,,,,,,,-0.018512,1.025445,0.310996,-0.019163,1.025405,0.309532,-0.019163,1.025405,0.309532,-0.020667,-0.001258,-0.046483,0.050886,-0.012515,-0.005802,-0.049925,0.051796,1.421187,0.912682,0.440478,0.000097,-1.099771,-1.293972,0.021378,0.137441,0.176710,0.000000,0.034903,0.019198,0.079940,-0.464660,0.350426,-0.060960,-0.042752,-0.037408,3.0000,2.0000,2.0000,0.0000,4.0000,29.5099,28.0770,32.3377,-9.0143,18.9001,,,
1786589944695922104,2026-08-13T09:59:04.695939,ground_truth,0.055174,0.802000,-0.021543,True,,,,,,,,,-0.019841,1.025184,0.308493,-0.019841,1.025184,0.308493,-0.019841,1.025184,0.308493,-0.021218,-0.006926,-0.032519,0.039441,-0.019920,-0.003911,-0.037521,0.042661,1.421187,0.912682,0.440478,0.000097,-1.099771,-1.293972,0.021378,0.137441,0.176710,0.000000,0.034903,0.019198,0.079940,-0.464660,0.350426,-0.060960,-0.042752,-0.037408,3.0000,2.0000,2.0000,0.0000,4.0000,29.5099,28.0770,32.3377,-9.0143,18.9001,,,
1786589944724046727,2026-08-13T09:59:04.724060,ground_truth,0.055390,0.795000,-0.022054,True,,,,,,,,,-0.019841,1.025184,0.308493,-0.020679,1.024713,0.307466,-0.020679,1.024713,0.307466,-0.025122,-0.014107,-0.030778,0.042160,-0.019920,-0.003911,-0.037521,0.042661,1.421187,0.912682,0.440478,0.000097,-1.099771,-1.293972,0.021378,0.137441,0.176710,0.000000,0.034903,0.019198,0.079940,-0.464660,0.350426,-0.060960,-0.042752,-0.037408,3.0000,2.0000,2.0000,0.0000,4.0000,28.6831,27.6104,31.4846,-11.3547,18.8677,,,
1786589944758737083,2026-08-13T09:59:04.758754,ground_truth,0.055051,0.806000,-0.023730,True,,,,,,,,,-0.021526,1.024192,0.306586,-0.021526,1.024192,0.306586,-0.021526,1.024192,0.306586,-0.030840,-0.018964,-0.032023,0.048334,-0.025251,-0.014857,-0.028566,0.040919,1.421187,0.912682,0.440478,0.000097,-1.099771,-1.293972,0.021378,0.137441,0.176710,0.000000,0.034903,0.019198,0.079940,-0.464660,0.350426,-0.060960,-0.042752,-0.037408,3.0000,2.0000,2.0000,0.0000,4.0000,30.6398,27.8212,31.8133,-10.9247,19.9466,,,
1786589944791449567,2026-08-13T09:59:04.791465,ground_truth,0.057752,0.799000,-0.026741,True,,,,,,,,,-0.021526,1.024192,0.306586,-0.022345,1.023875,0.305778,-0.022345,1.023875,0.305778,-0.023422,-0.009086,-0.023134,0.034152,-0.025251,-0.014857,-0.028566,0.040919,1.421187,0.912682,0.440478,0.000097,-1.099771,-1.293972,0.021378,0.137441,0.176710,0.000000,0.034903,0.019198,0.079940,-0.464660,0.350426,-0.060960,-0.042752,-0.037408,3.0000,2.0000,2.0000,0.0000,4.0000,30.6467,26.9713,31.1231,-11.8392,19.9758,,,
1786589944825343576,2026-08-13T09:59:04.825357,ground_truth,0.057881,0.795000,-0.027046,True,,,,,,,,,-0.023191,1.023438,0.304898,-0.023191,1.023438,0.304898,-0.023191,1.023438,0.304898,-0.025842,-0.013343,-0.026871,0.039597,-0.025057,-0.011356,-0.025413,0.037452,1.425035,0.935079,0.464055,0.000097,-1.100946,-1.297928,0.019634,0.104283,0.083333,0.000000,0.027045,0.021375,0.084000,-0.473900,0.335652,-0.060896,0.041920,-0.035584,3.0000,2.0000,2.0000,0.0000,4.0000,28.5410,26.7685,31.6114,-11.4876,18.5449,,,
1786589944859880567,2026-08-13T09:59:04.859898,ground_truth,0.060236,0.799000,-0.029231,True,,,,,,,,,-0.023191,1.023438,0.304898,-0.024039,1.022977,0.304016,-0.024039,1.022977,0.304016,-0.024949,-0.013550,-0.025940,0.038457,-0.025057,-0.011356,-0.025413,0.037452,1.425414,0.937124,0.465631,0.000097,-1.100321,-1.298327,0.019634,0.099481,0.074611,0.000000,0.032284,0.018756,0.078680,-0.485100,0.325028,-0.061664,0.045376,-0.034464,3.0000,2.0000,2.0000,0.0000,4.0000,29.6192,27.4048,31.2428,-11.8152,20.0905,,,
1786589944891686931,2026-08-13T09:59:04.891704,ground_truth,0.060373,0.795000,-0.032039,True,,,,,,,,,-0.025051,1.022299,0.302971,-0.025051,1.022299,0.302971,-0.025051,1.022299,0.302971,-0.029356,-0.019697,-0.030343,0.046588,-0.027804,-0.017035,-0.028816,0.043516,1.425414,0.937124,0.465631,0.000097,-1.100321,-1.298327,0.019634,0.099481,0.074611,0.000000,0.032284,0.018756,0.078680,-0.485100,0.325028,-0.061664,0.045376,-0.034464,3.0000,2.0000,2.0000,0.0000,4.0000,29.4397,27.2420,31.2140,-11.0812,19.5097,,,
1786589944922482768,2026-08-13T09:59:04.922507,ground_truth,0.060645,0.787000,-0.032675,True,,,,,,,,,-0.025051,1.022299,0.302971,-0.025888,1.021576,0.301788,-0.025888,1.021576,0.301788,-0.026217,-0.022618,-0.037039,0.050703,-0.027804,-0.017035,-0.028816,0.043516,1.425414,0.937124,0.465631,0.000097,-1.100321,-1.298327,0.019634,0.099481,0.074611,0.000000,0.032284,0.018756,0.078680,-0.485100,0.325028,-0.061664,0.045376,-0.034464,3.0000,2.0000,2.0000,0.0000,4.0000,30.5639,27.9058,30.8318,-10.4577,20.7416,,,
1786589944960804059,2026-08-13T09:59:04.960822,ground_truth,0.060134,0.802000,-0.036452,True,,,,,,,,,-0.026749,1.021058,0.300714,-0.026749,1.021058,0.300714,-0.026749,1.021058,0.300714,-0.028002,-0.016846,-0.034921,0.047826,-0.025491,-0.018618,-0.033873,0.046301,1.425414,0.937124,0.465631,0.000097,-1.100321,-1.298327,0.019634,0.099481,0.074611,0.000000,0.032284,0.018756,0.078680,-0.485100,0.325028,-0.061664,0.045376,-0.034464,3.0000,2.0000,2.0000,0.0000,4.0000,29.7990,27.2716,31.0186,-10.0282,20.2912,,,
1786589944995703678,2026-08-13T09:59:04.995716,ground_truth,0.063257,0.784000,-0.037942,True,,,,,,,,,-0.026749,1.021058,0.300714,-0.027589,1.020581,0.299517,-0.027589,1.020581,0.299517,-0.021882,-0.012417,-0.031181,0.040066,-0.025491,-0.018618,-0.033873,0.046301,1.425414,0.937124,0.465631,0.000097,-1.100321,-1.298327,0.019634,0.099481,0.074611,0.000000,0.032284,0.018756,0.078680,-0.485100,0.325028,-0.061664,0.045376,-0.034464,3.0000,2.0000,2.0000,0.0000,4.0000,29.0062,27.2449,31.4681,-9.8632,19.0758,,,
1786589945027300626,2026-08-13T09:59:05.027317,ground_truth,0.062328,0.810000,-0.040732,True,,,,,,,,,-0.028619,1.019686,0.298272,-0.028619,1.019686,0.298272,-0.028619,1.019686,0.298272,-0.029730,-0.025852,-0.035937,0.053326,-0.027922,-0.020489,-0.036464,0.050290,1.428387,0.950786,0.469208,0.000097,-1.089456,-1.301323,0.014831,0.055849,0.016580,0.000000,0.078096,0.013517,0.062300,-0.497140,0.113378,-0.063456,0.045984,-0.035232,3.0000,2.0000,2.0000,0.0000,4.0000,27.2210,27.3820,31.3279,-9.4914,18.5219,,,
1786589945056333502,2026-08-13T09:59:05.056355,ground_truth,0.062864,0.795000,-0.042024,True,,,,,,,,,-0.028619,1.019686,0.298272,-0.029580,1.019667,0.296860,-0.029580,1.019667,0.296860,-0.030349,-0.000602,-0.044586,0.053938,-0.027922,-0.020489,-0.036464,0.050290,1.428844,0.952445,0.468486,0.000097,-1.086998,-1.301744,0.014831,0.050609,0.026179,0.000000,0.078538,0.013517,0.061320,-0.504000,0.104580,-0.064352,0.048768,-0.035840,3.0000,2.0000,2.0000,0.0000,4.0000,26.3754,27.3021,31.8544,-7.3604,16.9876,,,
1786589945091359114,2026-08-13T09:59:05.091377,ground_truth,0.065206,0.799000,-0.041679,True,,,,,,,,,-0.030583,1.019450,0.295344,-0.030583,1.019450,0.295344,-0.030583,1.019450,0.295344,-0.034332,-0.007429,-0.051893,0.062664,-0.029633,-0.003564,-0.044177,0.053315,1.429066,0.953223,0.468018,0.000097,-1.085791,-1.301959,0.014394,0.047558,0.029666,0.000000,0.075477,0.013517,0.061320,-0.503720,0.095450,-0.064064,0.049152,-0.031680,3.0000,2.0000,2.0000,0.0000,4.0000,26.9614,27.3929,30.0936,-9.0029,18.9078,,,
1786589945122678617,2026-08-13T09:59:05.122694,ground_truth,0.068159,0.787000,-0.042713,True,,,,,,,,,-0.030583,1.019450,0.295344,-0.031583,1.019406,0.294001,-0.031583,1.019406,0.294001,-0.028456,-0.001236,-0.038220,0.047666,-0.029633,-0.003564,-0.044177,0.053315,1.429066,0.953223,0.468018,0.000097,-1.085791,-1.301959,0.014394,0.047558,0.029666,0.000000,0.075477,0.013517,0.061320,-0.503720,0.095450,-0.064064,0.049152,-0.031680,3.0000,2.0000,2.0000,0.0000,4.0000,28.5740,27.3395,30.7604,-10.5769,20.7122,,,
1786589945156012613,2026-08-13T09:59:05.156036,ground_truth,0.067691,0.799000,-0.044169,True,,,,,,,,,-0.032614,1.019024,0.292590,-0.032614,1.019024,0.292590,-0.032614,1.019024,0.292590,-0.033242,-0.012317,-0.045505,0.057684,-0.030433,-0.006377,-0.041273,0.051675,1.429066,0.953223,0.468018,0.000097,-1.085791,-1.301959,0.014394,0.047558,0.029666,0.000000,0.075477,0.013517,0.061320,-0.503720,0.095450,-0.064064,0.049152,-0.031680,3.0000,2.0000,2.0000,0.0000,4.0000,28.5740,27.3395,30.7604,-10.5769,20.7122,,,
1786589945190593702,2026-08-13T09:59:05.190611,ground_truth,0.070339,0.795000,-0.044520,True,,,,,,,,,-0.032614,1.019024,0.292590,-0.033613,1.018788,0.290916,-0.033613,1.018788,0.290916,-0.029769,-0.007039,-0.049845,0.058483,-0.030433,-0.006377,-0.041273,0.051675,1.429230,0.953772,0.467616,0.000097,-1.084864,-1.302121,0.013087,0.044069,0.033592,0.000000,0.075046,0.013517,0.064120,-0.496860,0.097193,-0.064064,0.048256,-0.032736,3.0000,2.0000,2.0000,0.0000,4.0000,28.2620,27.0918,31.5070,-9.9379,19.0502,,,
1786589945223555525,2026-08-13T09:59:05.223587,ground_truth,0.070339,0.795000,-0.044520,True,,,,,,,,,-0.034624,1.018367,0.289384,-0.034624,1.018367,0.289384,-0.034624,1.018367,0.289384,-0.029240,-0.012165,-0.044304,0.054459,-0.030212,-0.009872,-0.048168,0.057710,1.431405,0.958293,0.462709,0.000097,-1.075410,-1.304212,0.017889,0.019634,0.042759,0.000000,0.061949,0.018756,0.080500,-0.537180,0.089142,-0.067232,0.042752,-0.034560,3.0000,2.0000,2.0000,0.0000,4.0000,27.7861,26.3549,31.5451,-11.0536,19.0404,,,
1786589945256757258,2026-08-13T09:59:05.256777,ground_truth,0.070501,0.791000,-0.047374,True,,,,,,,,,-0.034624,1.018367,0.289384,-0.035621,1.017910,0.287886,-0.035621,1.017910,0.287886,-0.030167,-0.013847,-0.045337,0.056189,-0.030212,-0.009872,-0.048168,0.057710,1.431954,0.958757,0.461445,0.000097,-1.073696,-1.304740,0.021378,0.014831,0.046685,0.000000,0.056721,0.019198,0.084280,-0.555800,0.093873,-0.067232,0.046432,-0.037024,3.0000,2.0000,2.0000,0.0000,4.0000,26.8440,26.5459,30.4145,-13.9794,20.0740,,,
1786589945290196881,2026-08-13T09:59:05.290229,ground_truth,0.070501,0.791000,-0.047374,True,,,,,,,,,-0.036651,1.017445,0.286310,-0.036651,1.017445,0.286310,-0.036651,1.017445,0.286310,-0.031349,-0.014147,-0.047975,0.059030,-0.030262,-0.013772,-0.045903,0.056680,1.431954,0.958757,0.461445,0.000097,-1.073696,-1.304740,0.021378,0.014831,0.046685,0.000000,0.056721,0.019198,0.084280,-0.555800,0.093873,-0.067232,0.046432,-0.037024,3.0000,2.0000,2.0000,0.0000,4.0000,26.8440,26.5459,30.4145,-13.9794,20.0740,,,
1786589945324583322,2026-08-13T09:59:05.324599,ground_truth,0.070664,0.787000,-0.047732,True,,,,,,,,,-0.036651,1.017445,0.286310,-0.037501,1.016925,0.284934,-0.037501,1.016925,0.284934,-0.024925,-0.015238,-0.040336,0.049804,-0.030262,-0.013772,-0.045903,0.056680,1.431954,0.958757,0.461445,0.000097,-1.073696,-1.304740,0.021378,0.014831,0.046685,0.000000,0.056721,0.019198,0.084280,-0.555800,0.093873,-0.067232,0.046432,-0.037024,3.0000,2.0000,2.0000,0.0000,4.0000,30.7243,26.5250,31.2332,-10.5161,20.2911,,,
1786589945358629880,2026-08-13T09:59:05.358648,ground_truth,0.070786,0.784000,-0.048000,True,,,,,,,,,-0.038353,1.016395,0.283555,-0.038353,1.016395,0.283555,-0.038353,1.016395,0.283555,-0.025217,-0.015701,-0.040808,0.050475,-0.025629,-0.015813,-0.041475,0.051255,1.431954,0.958757,0.461445,0.000097,-1.073696,-1.304740,0.021378,0.014831,0.046685,0.000000,0.056721,0.019198,0.084280,-0.555800,0.093873,-0.067232,0.046432,-0.037024,3.0000,2.0000,2.0000,0.0000,4.0000,30.1421,26.4450,29.6329,-11.5926,21.1522,,,
1786589945394708559,2026-08-13T09:59:05.394728,ground_truth,0.070501,0.791000,-0.047374,True,,,,,,,,,-0.038353,1.016395,0.283555,-0.039056,1.015649,0.282304,-0.039056,1.015649,0.282304,-0.020838,-0.022107,-0.037073,0.047931,-0.025629,-0.015813,-0.041475,0.051255,1.432196,0.958907,0.460873,0.000097,-1.072974,-1.304988,0.020940,0.011342,0.048432,0.000000,0.059340,0.021807,0.088340,-0.552300,0.092213,-0.067232,0.044256,-0.035584,3.0000,2.0000,2.0000,0.0000,4.0000,29.7418,26.6907,30.7058,-11.6585,20.9558,,,
1786589945427864827,2026-08-13T09:59:05.427881,ground_truth,0.070664,0.787000,-0.047732,True,,,,,,,,,-0.039732,1.015073,0.281282,-0.039732,1.015073,0.281282,-0.039732,1.015073,0.281282,-0.018413,-0.015704,-0.027878,0.036917,-0.020737,-0.019886,-0.034201,0.044668,1.435894,0.959769,0.451029,0.000097,-1.062755,-1.308761,0.024429,0.000000,0.074173,0.000000,0.070249,0.023995,0.095060,-0.544600,0.076858,-0.066016,0.039904,-0.034400,3.0000,2.0000,2.0000,0.0000,4.0000,28.6640,26.7846,30.3980,-12.1276,19.0821,,,
1786589945457830582,2026-08-13T09:59:05.457847,ground_truth,0.070054,0.802000,-0.046391,True,,,,,,,,,-0.039732,1.015073,0.281282,-0.040400,1.014531,0.280278,-0.040400,1.014531,0.280278,-0.020284,-0.016455,-0.030484,0.040143,-0.020737,-0.019886,-0.034201,0.044668,1.435894,0.959769,0.451029,0.000097,-1.062755,-1.308761,0.024429,0.000000,0.074173,0.000000,0.070249,0.023995,0.095060,-0.544600,0.076858,-0.066016,0.039904,-0.034400,3.0000,2.0000,2.0000,0.0000,4.0000,28.1266,26.6936,30.9011,-11.1795,18.5580,,,
1786589945493276564,2026-08-13T09:59:05.493293,ground_truth,0.072661,0.799000,-0.046659,True,,,,,,,,,-0.041061,1.014209,0.279615,-0.041061,1.014209,0.279615,-0.041061,1.014209,0.279615,-0.022024,-0.010714,-0.022067,0.032966,-0.019865,-0.012906,-0.024904,0.034371,1.435894,0.959769,0.451029,0.000097,-1.062755,-1.308761,0.024429,0.000000,0.074173,0.000000,0.070249,0.023995,0.095060,-0.544600,0.076858,-0.066016,0.039904,-0.034400,3.0000,2.0000,2.0000,0.0000,4.0000,27.7997,26.3676,30.0077,-13.0061,19.3310,,,
1786589945524298884,2026-08-13T09:59:05.524329,ground_truth,0.072365,0.806000,-0.046033,True,,,,,,,,,-0.041061,1.014209,0.279615,-0.041688,1.014785,0.279034,-0.041688,1.014785,0.279034,-0.017800,0.016345,-0.016500,0.029262,-0.019865,-0.012906,-0.024904,0.034371,1.435894,0.959769,0.451029,0.000097,-1.062755,-1.308761,0.024429,0.000000,0.074173,0.000000,0.070249,0.023995,0.095060,-0.544600,0.076858,-0.066016,0.039904,-0.034400,3.0000,2.0000,2.0000,0.0000,4.0000,28.4009,25.7898,30.9926,-13.7416,20.8498,,,
1786589945560186774,2026-08-13T09:59:05.560204,ground_truth,0.072534,0.802000,-0.046391,True,,,,,,,,,-0.042357,1.014900,0.278681,-0.042357,1.014900,0.278681,-0.042357,1.014900,0.278681,-0.020926,0.003601,-0.011052,0.023938,-0.019424,0.010353,-0.014005,0.026089,1.436084,0.959769,0.450449,0.000097,-1.062205,-1.308944,0.024429,0.000000,0.072425,0.000000,0.067629,0.023995,0.101920,-0.533820,0.078435,-0.066016,0.040192,-0.035008,3.0000,2.0000,2.0000,0.0000,4.0000,29.6183,25.5454,30.7198,-13.1198,21.1743,,,
1786589945590666004,2026-08-13T09:59:05.590686,ground_truth,0.072534,0.802000,-0.046391,True,,,,,,,,,-0.042357,1.014900,0.278681,-0.043002,1.015296,0.278390,-0.043002,1.015296,0.278390,-0.018300,0.011252,-0.008264,0.023017,-0.019424,0.010353,-0.014005,0.026089,1.436084,0.959769,0.450449,0.000097,-1.062205,-1.308944,0.024429,0.000000,0.072425,0.000000,0.067629,0.023995,0.101920,-0.533820,0.078435,-0.066016,0.040192,-0.035008,3.0000,2.0000,2.0000,0.0000,4.0000,29.3992,25.5767,30.9124,-12.9493,20.9797,,,
1786589945624078227,2026-08-13T09:59:05.624097,ground_truth,0.072661,0.799000,-0.046659,True,,,,,,,,,-0.043490,1.015536,0.278076,-0.043490,1.015536,0.278076,-0.043490,1.015536,0.278076,-0.016019,0.007846,-0.010299,0.020596,-0.016992,0.009531,-0.009075,0.021492,1.436084,0.959769,0.450449,0.000097,-1.062205,-1.308944,0.024429,0.000000,0.072425,0.000000,0.067629,0.023995,0.101920,-0.533820,0.078435,-0.066016,0.040192,-0.035008,3.0000,2.0000,2.0000,0.0000,4.0000,29.3564,25.4372,31.0274,-12.1451,20.1966,,,
1786589945658735064,2026-08-13T09:59:05.658757,ground_truth,0.075146,0.799000,-0.046659,True,,,,,,,,,-0.043490,1.015536,0.278076,-0.043790,1.015957,0.277813,-0.043790,1.015957,0.277813,-0.008961,0.012576,-0.007855,0.017325,-0.016992,0.009531,-0.009075,0.021492,1.439442,0.960723,0.441906,0.000097,-1.052730,-1.312156,0.027925,0.012649,0.061079,0.000000,0.072426,0.027045,0.071540,-0.513240,0.068807,-0.065120,0.040864,-0.035904,3.0000,2.0000,2.0000,0.0000,4.0000,30.6824,25.6770,31.5889,-12.9342,21.1645,,,
1786589945691595058,2026-08-13T09:59:05.691609,ground_truth,0.074838,0.806000,-0.046033,True,,,,,,,,,-0.044287,1.016041,0.277647,-0.044287,1.016041,0.277647,-0.044287,1.016041,0.277647,-0.014391,0.002439,-0.004806,0.015367,-0.011928,0.007564,-0.006421,0.015515,1.443101,0.963258,0.434753,0.000086,-1.042954,-1.315983,0.027487,0.024429,0.044499,0.000000,0.069807,0.029665,0.093240,-0.476980,0.068143,-0.066304,0.040640,-0.033632,3.0000,2.0000,2.0000,0.0000,4.0000,29.6968,25.8161,31.4731,-12.3043,19.6081,,,
1786589945725871975,2026-08-13T09:59:05.725888,ground_truth,0.075014,0.802000,-0.046391,True,,,,,,,,,-0.044287,1.016041,0.277647,-0.044587,1.016271,0.277546,-0.044587,1.016271,0.277546,-0.009115,0.006994,-0.003064,0.011890,-0.011928,0.007564,-0.006421,0.015515,1.443996,0.964023,0.433289,0.000086,-1.040711,-1.316867,0.029231,0.024429,0.046246,0.000000,0.070249,0.029665,0.084840,-0.451920,0.059013,-0.065280,0.043968,-0.033024,3.0000,2.0000,2.0000,0.0000,4.0000,29.0410,25.7606,31.4564,-12.5146,19.9591,,,
1786589945758465510,2026-08-13T09:59:05.758485,ground_truth,0.074662,0.810000,-0.043204,True,,,,,,,,,-0.044899,1.016691,0.277421,-0.044899,1.016691,0.277421,-0.044899,1.016691,0.277421,-0.009165,0.012331,-0.003667,0.015796,-0.009182,0.009751,-0.003386,0.013815,1.443996,0.964023,0.433289,0.000086,-1.040711,-1.316867,0.029231,0.024429,0.046246,0.000000,0.070249,0.029665,0.084840,-0.451920,0.059013,-0.065280,0.043968,-0.033024,3.0000,2.0000,2.0000,0.0000,4.0000,27.0412,25.0193,33.0474,-11.2321,18.8951,,,
1786589945791045991,2026-08-13T09:59:05.791072,ground_truth,0.077129,0.810000,-0.043204,True,,,,,,,,,-0.044899,1.016691,0.277421,-0.045176,1.017361,0.277699,-0.045176,1.017361,0.277699,-0.008474,0.020485,0.008494,0.023740,-0.009182,0.009751,-0.003386,0.013815,1.443996,0.964023,0.433289,0.000086,-1.040711,-1.316867,0.029231,0.024429,0.046246,0.000000,0.070249,0.029665,0.084840,-0.451920,0.059013,-0.065280,0.043968,-0.033024,3.0000,2.0000,2.0000,0.0000,4.0000,26.1690,24.9934,33.5142,-10.4285,18.2508,,,
1786589945823722986,2026-08-13T09:59:05.823749,ground_truth,0.076992,0.813000,-0.042940,True,,,,,,,,,-0.045618,1.018509,0.277977,-0.045618,1.018509,0.277977,-0.045618,1.018509,0.277977,-0.013394,0.034783,0.008428,0.038214,-0.010778,0.027242,0.008332,0.030459,1.443996,0.964023,0.433289,0.000086,-1.040711,-1.316867,0.029231,0.024429,0.046246,0.000000,0.070249,0.029665,0.084840,-0.451920,0.059013,-0.065280,0.043968,-0.033024,3.0000,2.0000,2.0000,0.0000,4.0000,26.0515,24.4939,33.5656,-10.6811,18.6003,,,
1786589945859361335,2026-08-13T09:59:05.859379,ground_truth,0.076673,0.820000,-0.042326,True,,,,,,,,,-0.045618,1.018509,0.277977,-0.046040,1.019751,0.278297,-0.046040,1.019751,0.278297,-0.012969,0.038206,0.009819,0.041525,-0.010778,0.027242,0.008332,0.030459,1.444447,0.964389,0.432500,0.000086,-1.039558,-1.317287,0.027487,0.023122,0.050172,0.000000,0.072857,0.027045,0.077700,-0.452200,0.052788,-0.064960,0.043200,-0.032736,3.0000,2.0000,2.0000,0.0000,4.0000,28.2291,24.7359,32.3140,-12.4810,21.0078,,,
1786589945895940483,2026-08-13T09:59:05.895959,ground_truth,0.076673,0.820000,-0.042326,True,,,,,,,,,-0.046432,1.021387,0.278675,-0.046432,1.021387,0.278675,-0.046432,1.021387,0.278675,-0.011016,0.045899,0.010617,0.048381,-0.012311,0.043509,0.010547,0.046430,1.448184,0.966858,0.423764,0.000075,-1.028369,-1.321060,0.023122,0.013087,0.054098,0.000000,0.069807,0.021375,0.101920,-0.406280,0.037682,-0.064512,0.039808,-0.034464,3.0000,2.0000,2.0000,0.0000,4.0000,28.4079,24.6857,31.1669,-12.7585,21.2993,,,
1786589945926602566,2026-08-13T09:59:05.926624,ground_truth,0.076810,0.817000,-0.042589,True,,,,,,,,,-0.046432,1.021387,0.278675,-0.046844,1.023474,0.279011,-0.046844,1.023474,0.279011,-0.011145,0.056535,0.009116,0.058340,-0.012311,0.043509,0.010547,0.046430,1.448537,0.967048,0.422924,0.000075,-1.027324,-1.321416,0.021378,0.011342,0.051919,0.000000,0.061949,0.021375,0.096600,-0.390180,0.037682,-0.064064,0.038528,-0.035520,3.0000,2.0000,2.0000,0.0000,4.0000,30.8908,24.2845,33.5349,-10.3808,20.2846,,,
1786589945965193116,2026-08-13T09:59:05.965213,ground_truth,0.079123,0.820000,-0.039871,True,,,,,,,,,-0.047254,1.025651,0.279354,-0.047254,1.025651,0.279354,-0.047254,1.025651,0.279354,-0.013621,0.072386,0.011397,0.074533,-0.012238,0.063557,0.010125,0.065511,1.448537,0.967048,0.422924,0.000075,-1.027324,-1.321416,0.021378,0.011342,0.051919,0.000000,0.061949,0.021375,0.096600,-0.390180,0.037682,-0.064064,0.038528,-0.035520,3.0000,2.0000,2.0000,0.0000,4.0000,27.3548,23.7747,34.3207,-9.2356,18.0383,,,
1786589945999072598,2026-08-13T09:59:05.999089,ground_truth,0.079123,0.820000,-0.039871,True,,,,,,,,,-0.047254,1.025651,0.279354,-0.047858,1.027633,0.279789,-0.047858,1.027633,0.279789,-0.015407,0.050509,0.011075,0.053955,-0.012238,0.063557,0.010125,0.065511,1.448537,0.967048,0.422924,0.000075,-1.027324,-1.321416,0.021378,0.011342,0.051919,0.000000,0.061949,0.021375,0.096600,-0.390180,0.037682,-0.064064,0.038528,-0.035520,3.0000,2.0000,2.0000,0.0000,4.0000,30.2439,23.8029,35.1251,-10.2989,19.4916,,,
1786589946026905184,2026-08-13T09:59:06.026919,ground_truth,0.079123,0.820000,-0.039871,True,,,,,,,,,-0.048289,1.029150,0.280241,-0.048289,1.029150,0.280241,-0.048289,1.029150,0.280241,-0.013021,0.045833,0.013677,0.049571,-0.015494,0.052354,0.013275,0.056189,1.448537,0.967048,0.422924,0.000075,-1.027324,-1.321416,0.021378,0.011342,0.051919,0.000000,0.061949,0.021375,0.096600,-0.390180,0.037682,-0.064064,0.038528,-0.035520,3.0000,2.0000,2.0000,0.0000,4.0000,29.5980,23.6851,34.9127,-10.7214,19.2497,,,
1786589946056280599,2026-08-13T09:59:06.056298,ground_truth,0.078934,0.824000,-0.039527,True,,,,,,,,,-0.048289,1.029150,0.280241,-0.048740,1.030413,0.280652,-0.048740,1.030413,0.280652,-0.016209,0.045448,0.014778,0.050465,-0.015494,0.052354,0.013275,0.056189,1.448537,0.967048,0.422924,0.000075,-1.027324,-1.321416,0.021378,0.011342,0.051919,0.000000,0.061949,0.021375,0.096600,-0.390180,0.037682,-0.064064,0.038528,-0.035520,3.0000,2.0000,2.0000,0.0000,4.0000,29.0806,23.4564,35.4676,-11.3917,19.7680,,,
1786589946089019447,2026-08-13T09:59:06.089036,ground_truth,0.078934,0.824000,-0.039527,True,,,,,,,,,-0.049166,1.031626,0.281110,-0.049166,1.031626,0.281110,-0.049166,1.031626,0.281110,-0.014549,0.041348,0.015603,0.046527,-0.013270,0.037452,0.013135,0.041849,1.451901,0.969250,0.418366,0.000054,-1.020382,-1.324811,0.017889,0.016576,0.000000,0.000000,0.010898,0.018756,0.113400,-0.394240,0.098687,-0.059616,0.038080,-0.035072,3.0000,2.0000,2.0000,0.0000,4.0000,28.4845,23.0208,35.3648,-10.4764,18.1502,,,
1786589946122300767,2026-08-13T09:59:06.122317,ground_truth,0.079454,0.813000,-0.040474,True,,,,,,,,,-0.049166,1.031626,0.281110,-0.049593,1.033042,0.281567,-0.049593,1.033042,0.281567,-0.012950,0.042972,0.013888,0.046981,-0.013270,0.037452,0.013135,0.041849,1.452633,0.969962,0.418485,0.000054,-1.020047,-1.325609,0.016138,0.016576,0.009160,0.000000,0.002609,0.016579,0.126980,-0.399560,0.240202,-0.059328,0.038976,-0.033280,3.0000,2.0000,2.0000,0.0000,4.0000,29.1904,22.9422,36.2708,-11.6818,19.5177,,,
1786589946155991436,2026-08-13T09:59:06.156009,ground_truth,0.078934,0.824000,-0.039527,True,,,,,,,,,-0.050046,1.034498,0.281980,-0.050046,1.034498,0.281980,-0.050046,1.034498,0.281980,-0.013617,0.043796,0.012398,0.047510,-0.013179,0.043038,0.013034,0.046860,1.453221,0.970583,0.419050,0.000054,-1.020004,-1.326180,0.016138,0.017889,0.022246,0.000000,0.000000,0.013517,0.112140,-0.391720,0.246593,-0.058880,0.037472,-0.031744,3.0000,2.0000,2.0000,0.0000,4.0000,28.8327,22.6639,36.1591,-12.5875,19.9978,,,
1786589946189670480,2026-08-13T09:59:06.189689,ground_truth,0.081720,0.817000,-0.035210,True,,,,,,,,,-0.050046,1.034498,0.281980,-0.050298,1.036123,0.282455,-0.050298,1.036123,0.282455,-0.007544,0.048530,0.014203,0.051125,-0.013179,0.043038,0.013034,0.046860,1.453829,0.971367,0.420203,0.000054,-1.020047,-1.326698,0.014831,0.021378,0.035339,0.000000,0.003051,0.013517,0.116760,-0.398580,0.274481,-0.056768,-0.003904,-0.033632,3.0000,2.0000,2.0000,0.0000,4.0000,28.6470,22.6104,36.9388,-11.9827,20.3743,,,
1786589946225665333,2026-08-13T09:59:06.225681,ground_truth,0.081573,0.820000,-0.034961,True,,,,,,,,,-0.050757,1.037408,0.283177,-0.050757,1.037408,0.283177,-0.050757,1.037408,0.283177,-0.013323,0.037313,0.020953,0.044819,-0.010428,0.042652,0.017547,0.047285,1.454123,0.971804,0.421013,0.000054,-1.020188,-1.326956,0.014831,0.022685,0.044499,0.000000,0.008289,0.013517,0.109340,-0.382200,0.273402,-0.056000,-0.051040,-0.033568,3.0000,2.0000,2.0000,0.0000,4.0000,27.6755,22.6272,37.0990,-12.3814,20.4530,,,
1786589946260360181,2026-08-13T09:59:06.260392,ground_truth,0.081378,0.824000,-0.034630,True,,,,,,,,,-0.050757,1.037408,0.283177,-0.051194,1.038625,0.283939,-0.051194,1.038625,0.283939,-0.012383,0.034461,0.021576,0.042502,-0.010428,0.042652,0.017547,0.047285,1.454123,0.971804,0.421013,0.000054,-1.020188,-1.326956,0.014831,0.022685,0.044499,0.000000,0.008289,0.013517,0.109340,-0.382200,0.273402,-0.056000,-0.051040,-0.033568,3.0000,2.0000,2.0000,0.0000,4.0000,27.2717,22.8861,36.2208,-12.0265,19.6256,,,
1786589946289942653,2026-08-13T09:59:06.289962,ground_truth,0.081720,0.817000,-0.035210,True,,,,,,,,,-0.051642,1.039615,0.284510,-0.051642,1.039615,0.284510,-0.051642,1.039615,0.284510,-0.012866,0.028452,0.016426,0.035283,-0.013504,0.033677,0.020349,0.041600,1.454123,0.971804,0.421013,0.000054,-1.020188,-1.326956,0.014831,0.022685,0.044499,0.000000,0.008289,0.013517,0.109340,-0.382200,0.273402,-0.056000,-0.051040,-0.033568,3.0000,2.0000,2.0000,0.0000,4.0000,25.8324,22.7481,36.8383,-13.9563,20.0606,,,
1786589946323682950,2026-08-13T09:59:06.323700,ground_truth,0.081720,0.817000,-0.035210,True,,,,,,,,,-0.051642,1.039615,0.284510,-0.051948,1.040346,0.285043,-0.051948,1.040346,0.285043,-0.010377,0.024796,0.018069,0.032388,-0.013504,0.033677,0.020349,0.041600,1.454123,0.971804,0.421013,0.000054,-1.020188,-1.326956,0.014831,0.022685,0.044499,0.000000,0.008289,0.013517,0.109340,-0.382200,0.273402,-0.056000,-0.051040,-0.033568,3.0000,2.0000,2.0000,0.0000,4.0000,25.7612,22.1953,36.8187,-12.3738,19.6846,,,
1786589946356576017,2026-08-13T09:59:06.356598,ground_truth,0.084378,0.813000,-0.035541,True,,,,,,,,,-0.052263,1.040866,0.285559,-0.052263,1.040866,0.285559,-0.052263,1.040866,0.285559,-0.009349,0.015412,0.015287,0.023635,-0.009336,0.018798,0.015753,0.026243,1.454123,0.971804,0.421013,0.000054,-1.020188,-1.326956,0.014831,0.022685,0.044499,0.000000,0.008289,0.013517,0.109340,-0.382200,0.273402,-0.056000,-0.051040,-0.033568,3.0000,2.0000,2.0000,0.0000,4.0000,25.6540,22.1951,37.0989,-13.1327,20.1483,,,
1786589946390401444,2026-08-13T09:59:06.390427,ground_truth,0.083821,0.824000,-0.034630,True,,,,,,,,,-0.052263,1.040866,0.285559,-0.052777,1.041183,0.286011,-0.052777,1.041183,0.286011,-0.015578,0.009622,0.013719,0.022879,-0.009336,0.018798,0.015753,0.026243,1.454123,0.971804,0.421013,0.000054,-1.020188,-1.326956,0.014831,0.022685,0.044499,0.000000,0.008289,0.013517,0.109340,-0.382200,0.273402,-0.056000,-0.051040,-0.033568,3.0000,2.0000,2.0000,0.0000,4.0000,25.9680,21.7893,36.1425,-12.2789,19.7991,,,


============================================================
EXPERIMENT METRICS
  File: experiment_GROUND_TRUTH_20260813_095855.csv
  Total samples: 324
  Task completion time: 10.95 s
  Mode: GROUND TRUTH (no prediction metrics)
  --- Trajectory Smoothness (Robot EE) ---
  Mean Jerk (3D): 7.3221 m/s³
      Jerk X: 1.4227 m/s³
      Jerk Y: 6.4675 m/s³
      Jerk Z: 2.0104 m/s³
  Max Jerk (3D): 76.9332 m/s³
  RMS Jerk (3D): 13.3763 m/s³
============================================================
